#Files Included:
#3idb_0032-LaFeSi.mda
#scan_0014.mda
#Energy= Column: 1
#Signal= Column: 2
-81.847287057          0.0          
-81.5955478363          0.0          
-81.3438086063          1.0          
-81.0920693669          1.0          
-80.8403301183          0.0          
-80.5885908604          0.0          
-80.3368515968          0.0          
-80.0851123221          0.0          
-79.83337304          0.0          
-79.5816337466          0.0          
-79.3658572044          0.0          
-79.1141178943          0.0          
-78.8623785786          0.0          
-78.6106392536          0.0          
-78.3588999193          0.0          
-78.1071605757          0.0          
-77.8554212246          0.0          
-77.6036818624          0.0          
-77.3519424926          0.0          
-77.1002031136          0.0          
-76.8484637253          0.0          
-76.5967243314          0.0          
-76.3449849263          0.0          
-76.0932455119          0.0          
-75.84150609          1.0          
-75.5897666588          0.0          
-75.3380272165          0.0          
-75.0862877704          2.0          
-74.8345483113          2.0          
-74.5828088429          0.0          
-74.3310693707          0.0          
-74.1152926702          0.0          
-73.8635531776          1.0          
-73.6118136793          0.0          
-73.3600741681          0.0          
-73.1083346512          0.0          
-72.8565951232          0.0          
-72.6048555877          0.0          
-72.3531160429          0.0          
-72.1013764907          1.0          
-71.8496369291          0.0          
-71.5978973582          0.0          
-71.3461577799          1.0          
-71.0944181923          0.0          
-70.8426785935          0.0          
-70.5909389891          0.0          
-70.3391993735          0.0          
-70.0874597486          0.0          
-69.8357201181          1.0          
-69.5839804746          1.0          
-69.3322408255          0.0          
-69.1164639778          0.0          
-68.8647243101          0.0          
-68.6129846331          0.0          
-68.3612449504          0.0          
-68.1095052585          0.0          
-67.8577655572          0.0          
-67.6060258485          1.0          
-67.3542861287          1.0          
-67.1025463995          1.0          
-66.8508066647          1.0          
-66.5990669187          0.0          
-66.3473271616          1.0          
-66.0955874007          0.0          
-65.8438476287          0.0          
-65.5921078492          0.0          
-65.3403680604          0.0          
-65.0886282604          0.0          
-64.836888453          0.0          
-64.5851486381          0.0          
-64.3334088121          0.0          
-64.0816689823          0.0          
-63.8658919744          1.0          
-63.6141521242          0.0          
-63.3624122646          0.0          
-63.1106723975          0.0          
-62.8589325231          0.0          
-62.6071926374          1.0          
-62.3554527443          2.0          
-62.1037128419          2.0          
-61.8519729301          0.0          
-61.6002330109          2.0          
-61.3484930806          1.0          
-61.0967531446          1.0          
-60.8450131975          1.0          
-60.5932732411          0.0          
-60.341533279          0.0          
-60.0897933058          0.0          
-59.8380533233          1.0          
-59.5863133334          2.0          
-59.3345733359          1.0          
-59.0828333255          0.0          
-58.8310933094          1.0          
-58.615316147          0.0          
-58.3635761123          1.0          
-58.1118360721          1.0          
-57.8600960206          0.0          
-57.6083559599          0.0          
-57.3566158935          1.0          
-57.1048758142          1.0          
-56.8531357292          1.0          
-56.6013956331          2.0          
-56.3496555332          0.0          
-56.0979154203          1.0          
-55.8461753          0.0          
-55.5944351684          0.0          
-55.3426950295          0.0          
-55.090954883          1.0          
-54.8392147254          0.0          
-54.5874745604          0.0          
-54.3357343879          0.0          
-54.0839942042          1.0          
-53.832254013          0.0          
-53.6164766997          0.0          
-53.3647364918          2.0          
-53.1129962765          0.0          
-52.8612560499          1.0          
-52.609515816          0.0          
-52.3577755727          1.0          
-52.106035322          2.0          
-51.85429506          2.0          
-51.6025547925          0.0          
-51.3508145139          0.0          
-51.0990742277          1.0          
-50.8473339323          0.0          
-50.5955936275          1.0          
-50.3438533135          0.0          
-50.0921129901          1.0          
-49.8403726593          0.0          
-49.588632321          0.0          
-49.3368919734          1.0          
-49.0851516146          0.0          
-48.8334112503          2.0          
-48.5816708729          2.0          
-48.3658934031          0.0          
-48.1141530126          1.0          
-47.8624126129          1.0          
-47.6106722057          1.0          
-47.3589317873          0.0          
-47.1071913596          0.0          
-46.8554509245          0.0          
-46.6037104819          0.0          
-46.3519700281          2.0          
-46.1002295669          0.0          
-45.8484890964          5.0          
-45.5967486184          1.0          
-45.3450081311          0.0          
-45.0932676326          0.0          
-44.8415271267          0.0          
-44.5897866134          3.0          
-44.3380460907          0.0          
-44.0863055587          1.0          
-43.8345650174          2.0          
-43.5828244686          2.0          
-43.3310839087          2.0          
-43.1153062824          1.0          
-42.8635657076          2.0          
-42.6118251234          0.0          
-42.3600845318          2.0          
-42.1083439309          2.0          
-41.8566033207          2.0          
-41.604862703          0.0          
-41.353122076          2.0          
-41.1013814397          1.0          
-40.8496407941          3.0          
-40.597900141          2.0          
-40.3461594786          0.0          
-40.0944188088          1.0          
-39.8426781259          0.0          
-39.5909374375          0.0          
-39.3391967397          1.0          
-39.0874560345          0.0          
-38.83571532          3.0          
-38.5839745943          1.0          
-38.332233863          2.0          
-38.116456084          3.0          
-37.864715334          0.0          
-37.6129745767          4.0          
-37.36123381          2.0          
-37.1094930358          4.0          
-36.8577522505          0.0          
-36.6060114559          1.0          
-36.3542706557          0.0          
-36.1025298443          3.0          
-35.8507890254          3.0          
-35.5990481954          5.0          
-35.3473073579          2.0          
-35.0955665149          2.0          
-34.8438256606          3.0          
-34.5920847952          6.0          
-34.3403439242          3.0          
-34.0886030421          3.0          
-33.8368621524          2.0          
-33.5851212535          3.0          
-33.3333803453          4.0          
-33.0816394314          4.0          
-32.8658614941          2.0          
-32.6141205616          1.0          
-32.3623796199          5.0          
-32.1106386706          1.0          
-31.8588977102          1.0          
-31.6071567442          3.0          
-31.3554157689          4.0          
-31.1036747824          5.0          
-30.8519337866          5.0          
-30.6001927853          7.0          
-30.3484517727          3.0          
-30.0967107508          2.0          
-29.8449697234          4.0          
-29.5932286866          4.0          
-29.3414876387          2.0          
-29.0897465833          5.0          
-28.8380055185          7.0          
-28.5862644445          10.0          
-28.334523363          4.0          
-28.0827822704          6.0          
-27.8310411721          7.0          
-27.6152630802          8.0          
-27.3635219634          8.0          
-27.1117808372          11.0          
-26.8600397054          10.0          
-26.6082985606          12.0          
-26.3565574121          6.0          
-26.1048162524          9.0          
-25.8530750833          4.0          
-25.601333905          7.0          
-25.3495927192          14.0          
-25.0978515223          8.0          
-24.8461103197          4.0          
-24.5943691079          12.0          
-24.3426278848          12.0          
-24.0908866562          15.0          
-23.8391454183          14.0          
-23.5874041673          15.0          
-23.3356629107          19.0          
-23.0839216467          15.0          
-22.8321803715          13.0          
-22.6164021287          22.0          
-22.3646608386          19.0          
-22.1129195392          13.0          
-21.8611782324          16.0          
-21.6094369143          17.0          
-21.3576955888          14.0          
-21.1059542522          16.0          
-20.8542129081          17.0          
-20.6024715584          10.0          
-20.3507301975          23.0          
-20.0989888273          17.0          
-19.8472474478          17.0          
-19.5955060609          16.0          
-19.3437646665          13.0          
-19.092023259          15.0          
-18.840281846          16.0          
-18.5885404255          25.0          
-18.336798992          13.0          
-18.0850575529          13.0          
-17.8333161026          13.0          
-17.5815746449          21.0          
-17.3657962456          20.0          
-17.114054773          21.0          
-16.8623132892          14.0          
-16.6105717998          20.0          
-16.3588302974          12.0          
-16.1070887875          28.0          
-15.8553472701          16.0          
-15.6036057416          19.0          
-15.3518642075          19.0          
-15.1001226623          19.0          
-14.8483811114          14.0          
-14.5966395475          23.0          
-14.344897978          18.0          
-14.0931563973          25.0          
-13.8414148074          36.0          
-13.5896732118          40.0          
-13.3379316051          34.0          
-13.0861899927          40.0          
-12.8344483692          45.0          
-12.5827067345          43.0          
-12.3309650943          38.0          
-12.1151865367          43.0          
-11.8634448797          52.0          
-11.6117032133          45.0          
-11.3599615395          44.0          
-11.1082198545          42.0          
-10.8564781621          48.0          
-10.6047364604          66.0          
-10.3529947512          65.0          
-10.1012530308          42.0          
-9.84951130301          47.0          
-9.59776956588          32.0          
-9.3460278213          38.0          
-9.09428606741          27.0          
-8.84254430234          42.0          
-8.59080252983          33.0          
-8.33906075172          49.0          
-8.08731896058          25.0          
-7.83557716385          45.0          
-7.58383535594          38.0          
-7.33209354058          45.0          
-7.11631483585          35.0          
-6.86457300372          41.0          
-6.61283116229          40.0          
-6.36108931154          58.0          
-6.10934745334          38.0          
-5.85760558769          38.0          
-5.60586371087          43.0          
-5.35412182659          33.0          
-5.10237993114          41.0          
-4.85063802823          41.0          
-4.59889611788          42.0          
-4.34715419821          37.0          
-4.09541226737          43.0          
-3.8436703328          42.0          
-3.59192838334          43.0          
-3.34018643014          39.0          
-3.08844446577          43.0          
-2.83670249209          58.0          
-2.58496051095          59.0          
-2.33321852051          65.0          
-2.08147652261          75.0          
-1.86569765955          81.0          
-1.61395564117          136.0          
-1.36221361905          180.0          
-1.11047158577          257.0          
-0.858729543164          515.0          
-0.606987493113          907.0          
-0.355245431885          1444.0          
-0.10350336507          1907.0          
0.148238712922          1790.0          
0.399980798364          1249.0          
0.651722893119          777.0          
0.903464995325          397.0          
1.15520710871          193.0          
1.40694922768          134.0          
1.65869135968          90.0          
1.91043349728          91.0          
2.16217564605          66.0          
2.41391780227          70.0          
2.66565996781          59.0          
2.9174021408          46.0          
3.13318115473          36.0          
3.38492334262          34.0          
3.63666554354          54.0          
3.88840775192          39.0          
4.14014996774          44.0          
4.39189219102          39.0          
4.64363442734          36.0          
4.89537666924          40.0          
5.14711892232          35.0          
5.39886118285          46.0          
5.65060345083          49.0          
5.90234572999          41.0          
6.15408801474          48.0          
6.40583031252          56.0          
6.65757261589          48.0          
6.90931493044          47.0          
7.16105725244          57.0          
7.41279958189          72.0          
7.66454192251          55.0          
7.91628427058          51.0          
8.16802662984          53.0          
8.38380580023          53.0          
8.63554817252          44.0          
8.88729055598          57.0          
9.1390329469          50.0          
9.39077534527          55.0          
9.64251775481          49.0          
9.89426017366          66.0          
10.1460025962          79.0          
10.3977450337          70.0          
10.6494874768          69.0          
10.901229931          86.0          
11.1529723909          64.0          
11.4047148619          71.0          
11.6564573422          87.0          
11.9081998281          62.0          
12.1599423271          65.0          
12.4116848316          54.0          
12.6634273455          69.0          
12.9151698686          62.0          
13.1669124011          51.0          
13.418654941          47.0          
13.6344342697          49.0          
13.8861768264          35.0          
14.1379193924          60.0          
14.3896619659          34.0          
14.6414045505          50.0          
14.8931471426          50.0          
15.144889744          30.0          
15.3966323528          51.0          
15.648374971          44.0          
15.9001176003          41.0          
16.1518602334          34.0          
16.4036028795          36.0          
16.655345533          38.0          
16.9070881959          43.0          
17.1588308681          41.0          
17.4105735477          38.0          
17.6623162366          44.0          
17.9140589349          42.0          
18.1658016425          30.0          
18.4175443556          33.0          
18.6333238333          41.0          
18.8850665651          28.0          
19.1368093062          30.0          
19.3885520548          38.0          
19.6402948126          32.0          
19.8920375798          39.0          
20.1437803563          36.0          
20.3955231402          39.0          
20.6472659335          41.0          
20.8990087342          42.0          
21.1507515479          41.0          
21.4024943653          38.0          
21.6542371958          38.0          
21.9059800301          41.0          
22.1577228773          29.0          
22.4094657321          33.0          
22.6612085961          45.0          
22.9129514676          43.0          
23.1646943484          48.0          
23.4164372385          29.0          
23.668180136          21.0          
23.8839597721          22.0          
24.1357026864          35.0          
24.38744561          30.0          
24.6391885448          39.0          
24.8909314834          26.0          
25.1426744349          25.0          
25.3944173958          15.0          
25.6461603623          36.0          
25.8979033399          17.0          
26.149646325          16.0          
26.4013893194          25.0          
26.6531323213          29.0          
26.9048753344          26.0          
27.1566183548          15.0          
27.4083613846          24.0          
27.6601044238          17.0          
27.9118474685          18.0          
28.1635905262          18.0          
28.4153335895          21.0          
28.6670766622          23.0          
28.9188197441          19.0          
29.1345995348          6.0          
29.3863426354          13.0          
29.6380857415          14.0          
29.8898288589          14.0          
30.1415719818          12.0          
30.3933151178          14.0          
30.6450582612          18.0          
30.8968014102          14.0          
31.1485445704          13.0          
31.4002877399          11.0          
31.6520309169          16.0          
31.9037741031          13.0          
32.1555172987          10.0          
32.4072605018          11.0          
32.659003716          9.0          
32.9107469376          18.0          
33.1624901686          6.0          
33.414233407          9.0          
33.6659766547          10.0          
33.9177199118          10.0          
34.1334998533          13.0          
34.3852431271          5.0          
34.6369864084          9.0          
34.888729699          12.0          
35.1404729988          11.0          
35.3922163062          8.0          
35.6439596247          15.0          
35.8957029507          6.0          
36.1474462859          7.0          
36.3991896287          9.0          
36.6509329788          5.0          
36.9026763421          10.0          
37.1544197109          7.0          
37.4061630908          11.0          
37.6579064783          10.0          
37.9096498732          8.0          
38.1613932773          3.0          
38.4131366927          8.0          
38.6648801155          5.0          
38.9166235458          10.0          
39.1683669873          1.0          
39.3841470852          3.0          
39.6358905416          9.0          
39.8876340073          6.0          
40.1393774822          3.0          
40.3911209647          2.0          
40.6428644564          3.0          
40.8946079575          4.0          
41.1463514641          4.0          
41.3980949856          4.0          
41.6498385128          2.0          
41.9015820473          6.0          
42.1533255912          6.0          
42.4050691444          5.0          
42.656812707          2.0          
42.9085562769          5.0          
43.1602998581          7.0          
43.4120434448          3.0          
43.6637870446          5.0          
43.9155306499          6.0          
44.1672742628          7.0          
44.4190178886          1.0          
44.6347981449          2.0          
44.8865417838          4.0          
45.138285432          5.0          
45.3900290914          4.0          
45.6417727564          3.0          
45.8935164306          1.0          
46.1452601161          5.0          
46.3970038071          2.0          
46.6487475093          2.0          
46.9004912209          2.0          
47.152234938          2.0          
47.4039786663          5.0          
47.6557224039          3.0          
47.907466149          2.0          
48.1592099033          4.0          
48.410953667          3.0          
48.6626974363          2.0          
48.9144412205          3.0          
49.1661850102          0.0          
49.4179288074          0.0          
49.6337092128          0.0          
49.8854530286          2.0          
50.13719685          1.0          
50.3889406826          3.0          
50.6406845227          3.0          
50.8924283739          2.0          
51.1441722307          3.0          
51.3959161006          4.0          
51.647659976          0.0          
51.8994038589          3.0          
52.1511477549          2.0          
52.4028916564          0.0          
52.6546355672          3.0          
52.9063794874          0.0          
53.1581234187          2.0          
53.4098673537          1.0          
53.6616113018          4.0          
53.9133552574          2.0          
54.1650992204          1.0          
54.4168431945          2.0          
54.6685871761          3.0          
54.8843677379          0.0          
55.1361117382          2.0          
55.3878557421          0.0          
55.6395997591          0.0          
55.8913437836          1.0          
56.1430878174          2.0          
56.3948318586          1.0          
56.6465759091          0.0          
56.8983199671          1.0          
57.1500640363          1.0          
57.4018081147          0.0          
57.6535522006          0.0          
57.9052962959          1.0          
58.1570403986          2.0          
58.4087845124          2.0          
58.6605286337          0.0          
58.9122727625          2.0          
59.1640169006          2.0          
59.415761048          0.0          
59.6675052047          3.0          
59.8832859192          2.0          
60.1350300908          3.0          
60.3867742717          1.0          
60.638518462          0.0          
60.8902626615          0.0          
61.1420068685          0.0          
61.3937510867          1.0          
61.6454953123          0.0          
61.8972395454          1.0          
62.1489837877          0.0          
62.4007280394          0.0          
62.6524722986          1.0          
62.9042165708          2.0          
63.1559608486          0.0          
63.4077051356          1.0          
63.659449432          1.0          
63.9111937378          0.0          
64.1629380491          1.0          
64.4146823715          0.0          
64.6664267033          0.0          
64.9181710407          2.0          
65.1339519136          1.0          
65.3856962677          0.0          
65.637440633          0.0          
65.8891850058          0.0          
66.1409293879          1.0          
66.3926737793          1.0          
66.64441818          1.0          
66.89616259          0.0          
67.1479070056          0.0          
67.3996514343          1.0          
67.6513958666          0.0          
67.9031403121          0.0          
68.1548847649          4.0          
68.4066292271          0.0          
68.6583736967          1.0          
68.9101181775          2.0          
69.1618626639          2.0          
69.4136071615          0.0          
69.6653516684          1.0          
69.9170961808          0.0          
70.1688407026          2.0          
70.3846217319          1.0          
70.6363662723          0.0          
70.8881108202          0.0          
71.1398553755          0.0          
71.391599942          0.0          
71.6433445159          1.0          
71.895089101          0.0          
72.1468336917          0.0          
72.3985782936          1.0          
72.6503229048          0.0          
72.9020675234          0.0          
73.1538121495          0.0          
73.4055567849          0.0          
73.6573014315          0.0          
73.9090460837          0.0          
74.1607907489          0.0          
74.4125354178          0.0          
74.6642800998          2.0          
74.9160247892          0.0          
75.1677694861          0.0          
75.3835506625          0.0          
75.635295378          0.0          
75.8870400991          0.0          
76.1387848333          0.0          
76.390529573          0.0          
76.642274322          1.0          
76.8940190803          0.0          
77.145763848          0.0          
77.3975086212          0.0          
77.6492534075          0.0          
77.9009982012          1.0          
78.1527430024          1.0          
78.4565049428          0.0          
78.7083737403          0.0          
78.9602425471          0.0          
79.2121113613          0.0          
79.4639801849          0.0          
79.7158490196          0.0          
