#Files Included:
#scan_0012.mda
#scan_0015.mda
#Energy= Column: 1
#Signal= Column: 2
-83.2985518612          0.0          
-83.0468126405          0.0          
-82.7950734105          0.0          
-82.5433341712          0.0          
-82.2915949225          0.0          
-82.0398556646          0.0          
-81.7881164011          0.0          
-81.5363771264          0.0          
-81.2846378442          0.0          
-81.0328985509          0.0          
-80.8171220087          0.0          
-80.5653826986          0.0          
-80.3136433829          1.0          
-80.0619040579          0.0          
-79.8101647235          1.0          
-79.5584253799          0.0          
-79.3066860288          0.0          
-79.0549466666          0.0          
-78.8032072969          0.0          
-78.5514679179          0.0          
-78.2997285295          0.0          
-78.0479891356          0.0          
-77.7962497305          0.0          
-77.5445103161          0.0          
-77.2927708942          0.0          
-77.0410314631          1.0          
-76.7892920207          0.0          
-76.5375525746          0.0          
-76.2858131155          0.0          
-76.0340736471          0.0          
-75.782334175          0.0          
-75.5665574744          0.0          
-75.3148179818          0.0          
-75.0630784836          2.0          
-74.8113389723          0.0          
-74.5595994554          0.0          
-74.3078599274          0.0          
-74.0561203919          0.0          
-73.8043808471          0.0          
-73.5526412949          1.0          
-73.3009017333          1.0          
-73.0491621625          1.0          
-72.7974225841          0.0          
-72.5456829965          1.0          
-72.2939433977          1.0          
-72.0422037933          1.0          
-71.7904641777          0.0          
-71.5387245528          0.0          
-71.2869849224          1.0          
-71.0352452789          0.0          
-70.7835056297          1.0          
-70.5677287821          0.0          
-70.3159891143          0.0          
-70.0642494373          1.0          
-69.8125097547          1.0          
-69.5607700627          0.0          
-69.3090303615          0.0          
-69.0572906528          0.0          
-68.8055509329          2.0          
-68.5538112037          1.0          
-68.3020714689          2.0          
-68.0503317229          1.0          
-67.7985919658          1.0          
-67.5468522049          0.0          
-67.2951124329          0.0          
-67.0433726534          0.0          
-66.7916328646          0.0          
-66.5398930646          1.0          
-66.2881532572          0.0          
-66.0364134423          1.0          
-65.7846736163          0.0          
-65.5329337865          2.0          
-65.3171567786          0.0          
-65.0654169284          0.0          
-64.8136770688          1.0          
-64.5619372018          1.0          
-64.3101973273          0.0          
-64.0584574416          0.0          
-63.8067175485          1.0          
-63.5549776461          2.0          
-63.3032377344          1.0          
-63.0514978152          1.0          
-62.7997578848          0.0          
-62.5480179489          0.0          
-62.2962780017          1.0          
-62.0445380453          0.0          
-61.7927980833          1.0          
-61.5410581101          0.0          
-61.2893181276          0.0          
-61.0375781376          0.0          
-60.7858381402          1.0          
-60.5340981297          0.0          
-60.2823581137          0.0          
-60.0665809512          0.0          
-59.8148409165          0.0          
-59.5631008763          0.0          
-59.3113608249          0.0          
-59.0596207641          0.0          
-58.8078806978          1.0          
-58.5561406184          0.0          
-58.3044005334          0.0          
-58.0526604373          0.0          
-57.8009203374          0.0          
-57.5491802245          1.0          
-57.2974401042          0.0          
-57.0456999727          0.0          
-56.7939598337          1.0          
-56.5422196873          1.0          
-56.2904795296          1.0          
-56.0387393646          0.0          
-55.7869991921          3.0          
-55.5352590084          0.0          
-55.2835188173          1.0          
-55.0677415039          1.0          
-54.816001296          1.0          
-54.5642610807          0.0          
-54.3125208542          0.0          
-54.0607806202          0.0          
-53.8090403769          2.0          
-53.5573001262          0.0          
-53.3055598643          2.0          
-53.0538195968          1.0          
-52.8020793181          0.0          
-52.550339032          0.0          
-52.2985987365          0.0          
-52.0468584318          1.0          
-51.7951181177          1.0          
-51.5433777943          1.0          
-51.2916374635          1.0          
-51.0398971252          0.0          
-50.7881567776          1.0          
-50.5364164189          1.0          
-50.2846760545          0.0          
-50.0329356771          0.0          
-49.8171582073          1.0          
-49.5654178169          2.0          
-49.3136774171          1.0          
-49.0619370099          1.0          
-48.8101965915          0.0          
-48.5584561639          0.0          
-48.3067157287          0.0          
-48.0549752861          1.0          
-47.8032348324          2.0          
-47.5514943711          3.0          
-47.2997539006          0.0          
-47.0480134226          2.0          
-46.7962729353          0.0          
-46.5445324369          2.0          
-46.292791931          1.0          
-46.0410514176          0.0          
-45.7893108949          1.0          
-45.5375703629          1.0          
-45.2858298216          0.0          
-45.0340892728          1.0          
-44.7823487129          2.0          
-44.5665710866          1.0          
-44.3148305118          1.0          
-44.0630899277          0.0          
-43.8113493361          2.0          
-43.5596087351          0.0          
-43.3078681249          2.0          
-43.0561275072          2.0          
-42.8043868802          4.0          
-42.5526462439          0.0          
-42.3009055983          2.0          
-42.0491649453          2.0          
-41.7974242829          0.0          
-41.545683613          1.0          
-41.2939429302          2.0          
-41.0422022417          0.0          
-40.7904615439          1.0          
-40.5387208387          2.0          
-40.2869801242          1.0          
-40.0352393985          2.0          
-39.7834986672          0.0          
-39.5677208882          1.0          
-39.3159801383          0.0          
-39.0642393809          0.0          
-38.8124986142          2.0          
-38.5607578401          2.0          
-38.3090170547          0.0          
-38.0572762601          2.0          
-37.8055354599          0.0          
-37.5537946485          2.0          
-37.3020538297          2.0          
-37.0503129996          0.0          
-36.7985721622          3.0          
-36.5468313191          3.0          
-36.2950904649          1.0          
-36.0433495995          3.0          
-35.7916087285          1.0          
-35.5398678463          4.0          
-35.2881269567          3.0          
-35.0363860577          1.0          
-34.7846451495          4.0          
-34.5329042356          3.0          
-34.3171262983          5.0          
-34.0653853659          5.0          
-33.8136444241          3.0          
-33.5619034749          1.0          
-33.3101625144          2.0          
-33.0584215485          5.0          
-32.8066805732          1.0          
-32.5549395867          4.0          
-32.3031985909          4.0          
-32.0514575895          1.0          
-31.7997165769          2.0          
-31.5479755551          4.0          
-31.2962345276          6.0          
-31.0444934908          6.0          
-30.7927524429          3.0          
-30.5410113875          5.0          
-30.2892703228          6.0          
-30.0375292487          4.0          
-29.7857881673          4.0          
-29.5340470746          6.0          
-29.2823059764          9.0          
-29.0665278845          3.0          
-28.8147867676          6.0          
-28.5630456414          7.0          
-28.3113045096          8.0          
-28.0595633648          7.0          
-27.8078222163          10.0          
-27.5560810566          8.0          
-27.3043398876          4.0          
-27.0525987092          8.0          
-26.8008575235          10.0          
-26.5491163265          5.0          
-26.2973751239          12.0          
-26.0456339121          9.0          
-25.793892689          3.0          
-25.5421514604          5.0          
-25.2904102225          8.0          
-25.0386689715          11.0          
-24.7869277149          4.0          
-24.5351864509          10.0          
-24.2834451757          12.0          
-24.0676669329          9.0          
-23.8159256428          8.0          
-23.5641843434          10.0          
-23.3124430366          10.0          
-23.0607017186          14.0          
-22.8089603931          10.0          
-22.5572190564          16.0          
-22.3054777123          11.0          
-22.0537363626          9.0          
-21.8019950017          16.0          
-21.5502536315          15.0          
-21.298512252          12.0          
-21.0467708651          18.0          
-20.7950294707          10.0          
-20.5432880633          8.0          
-20.2915466502          11.0          
-20.0398052298          5.0          
-19.7880637962          12.0          
-19.5363223571          12.0          
-19.2845809069          15.0          
-19.0328394491          6.0          
-18.8170610499          8.0          
-18.5653195772          6.0          
-18.3135780934          9.0          
-18.061836604          10.0          
-17.8100951016          5.0          
-17.5583535917          12.0          
-17.3066120744          17.0          
-17.0548705459          13.0          
-16.8031290118          14.0          
-16.5513874665          16.0          
-16.2996459156          14.0          
-16.0479043517          19.0          
-15.7961627822          12.0          
-15.5444212016          18.0          
-15.2926796116          13.0          
-15.040938016          22.0          
-14.7891964093          27.0          
-14.537454797          26.0          
-14.2857131734          18.0          
-14.0339715388          34.0          
-13.7822298985          33.0          
-13.5664513409          43.0          
-13.3147096839          57.0          
-13.0629680175          62.0          
-12.8112263437          44.0          
-12.5594846588          65.0          
-12.3077429663          54.0          
-12.0560012646          60.0          
-11.8042595554          47.0          
-11.5525178351          67.0          
-11.3007761072          68.0          
-11.0490343701          76.0          
-10.7972926255          61.0          
-10.5455508716          75.0          
-10.2938091066          56.0          
-10.0420673341          57.0          
-9.79032555595          66.0          
-9.53858376481          42.0          
-9.28684196807          47.0          
-9.03510016017          52.0          
-8.78335834481          40.0          
-8.56757964008          50.0          
-8.31583780795          61.0          
-8.06409596652          46.0          
-7.81235411577          61.0          
-7.56061225757          50.0          
-7.30887039192          48.0          
-7.05712851509          28.0          
-6.80538663082          51.0          
-6.55364473537          27.0          
-6.30190283246          21.0          
-6.05016092211          39.0          
-5.79841900244          44.0          
-5.5466770716          28.0          
-5.29493513703          39.0          
-5.04319318756          36.0          
-4.79145123437          48.0          
-4.53970927          40.0          
-4.28796729632          36.0          
-4.03622531518          39.0          
-3.78448332474          40.0          
-3.53274132684          61.0          
-3.31696246378          38.0          
-3.06522044539          55.0          
-2.81347842328          54.0          
-2.56173638999          57.0          
-2.30999434739          75.0          
-2.05825229734          92.0          
-1.80651023611          125.0          
-1.5547681693          135.0          
-1.30302609131          183.0          
-1.05128400587          285.0          
-0.79954191111          459.0          
-0.547799808905          823.0          
-0.296057695523          1455.0          
-0.0443155765533          1737.0          
0.207426555455          1698.0          
0.459168693051          1210.0          
0.710910841823          679.0          
0.962652998045          370.0          
1.21439516358          211.0          
1.46613733657          144.0          
1.6819163505          103.0          
1.93365853839          75.0          
2.18540073931          71.0          
2.43714294769          64.0          
2.68888516352          70.0          
2.94062738679          54.0          
3.19236962311          45.0          
3.44411186501          41.0          
3.69585411809          51.0          
3.94759637862          40.0          
4.19933864661          40.0          
4.45108092576          32.0          
4.70282321051          40.0          
4.95456550829          33.0          
5.20630781166          45.0          
5.45805012621          47.0          
5.70979244821          50.0          
5.96153477766          54.0          
6.21327711828          36.0          
6.46501946636          53.0          
6.71676182561          44.0          
6.932540996          47.0          
7.18428336829          55.0          
7.43602575175          68.0          
7.68776814267          67.0          
7.93951054104          72.0          
8.19125295058          69.0          
8.44299536943          69.0          
8.69473779202          56.0          
8.9464802295          67.0          
9.19822267257          63.0          
9.44996512681          84.0          
9.70170758665          80.0          
9.95345005766          84.0          
10.205192538          111.0          
10.4569350239          118.0          
10.7086775228          120.0          
10.9604200274          126.0          
11.2121625412          104.0          
11.4639050644          101.0          
11.7156475969          94.0          
11.9673901368          92.0          
12.1831694655          93.0          
12.4349120222          107.0          
12.6866545882          109.0          
12.9383971617          108.0          
13.1901397463          81.0          
13.4418823384          75.0          
13.6936249398          63.0          
13.9453675486          64.0          
14.1971101668          50.0          
14.4488527961          33.0          
14.7005954292          34.0          
14.9523380753          29.0          
15.2040807288          33.0          
15.4558233917          32.0          
15.7075660639          28.0          
15.9593087435          25.0          
16.2110514324          25.0          
16.4627941307          23.0          
16.7145368382          24.0          
16.9662795514          25.0          
17.1820590291          24.0          
17.4338017609          28.0          
17.685544502          21.0          
17.9372872505          22.0          
18.1890300084          25.0          
18.4407727756          23.0          
18.692515552          24.0          
18.944258336          21.0          
19.1960011292          29.0          
19.4477439299          24.0          
19.6994867437          19.0          
19.9512295611          18.0          
20.2029723916          20.0          
20.4547152258          31.0          
20.7064580731          23.0          
20.9582009278          33.0          
21.2099437919          27.0          
21.4616866633          31.0          
21.7134295441          27.0          
21.9651724342          36.0          
22.2169153318          32.0          
22.4326949678          24.0          
22.6844378822          28.0          
22.9361808058          34.0          
23.1879237406          26.0          
23.4396666791          23.0          
23.6914096307          19.0          
23.9431525916          21.0          
24.1948955581          22.0          
24.4466385357          22.0          
24.6983815208          27.0          
24.9501245152          17.0          
25.2018675171          18.0          
25.4536105301          18.0          
25.7053535506          17.0          
25.9570965804          16.0          
26.2088396195          20.0          
26.4605826642          18.0          
26.712325722          14.0          
26.9640687853          8.0          
27.215811858          13.0          
27.4675549399          20.0          
27.6833347306          11.0          
27.9350778311          23.0          
28.1868209373          17.0          
28.4385640547          16.0          
28.6903071776          19.0          
28.9420503136          17.0          
29.193793457          21.0          
29.445536606          13.0          
29.6972797662          22.0          
29.9490229357          19.0          
30.2007661127          15.0          
30.4525092989          11.0          
30.7042524945          14.0          
30.9559956975          11.0          
31.2077389117          10.0          
31.4594821334          11.0          
31.7112253644          11.0          
31.9629686028          8.0          
32.2147118505          8.0          
32.4664551076          9.0          
32.6822350491          8.0          
32.9339783229          9.0          
33.1857216042          7.0          
33.4374648947          9.0          
33.6892081946          11.0          
33.940951502          11.0          
34.1926948205          6.0          
34.4444381464          14.0          
34.6961814817          7.0          
34.9479248244          5.0          
35.1996681746          5.0          
35.4514115378          6.0          
35.7031549066          6.0          
35.9548982866          4.0          
36.206641674          10.0          
36.4583850689          3.0          
36.7101284731          10.0          
36.9618718885          8.0          
37.2136153113          6.0          
37.4653587416          3.0          
37.717102183          7.0          
37.932882281          6.0          
38.1846257374          6.0          
38.436369203          7.0          
38.688112678          6.0          
38.9398561604          1.0          
39.1915996522          6.0          
39.4433431532          7.0          
39.6950866599          0.0          
39.9468301814          6.0          
40.1985737085          3.0          
40.4503172431          6.0          
40.702060787          9.0          
40.9538043402          2.0          
41.2055479027          5.0          
41.4572914727          4.0          
41.7090350538          3.0          
41.9607786406          5.0          
42.2125222404          5.0          
42.4642658457          4.0          
42.7160094585          8.0          
42.9677530844          5.0          
43.1835333407          3.0          
43.4352769796          9.0          
43.6870206278          4.0          
43.9387642872          6.0          
44.1905079521          4.0          
44.4422516264          6.0          
44.6939953119          2.0          
44.9457390029          3.0          
45.1974827051          2.0          
45.4492264166          3.0          
45.7009701338          6.0          
45.9527138621          1.0          
46.2044575997          3.0          
46.4562013447          3.0          
46.7079450991          2.0          
46.9596888628          1.0          
47.2114326321          3.0          
47.4631764162          1.0          
47.714920206          5.0          
47.9666640032          4.0          
48.1824444085          3.0          
48.4341882244          4.0          
48.6859320458          4.0          
48.9376758784          3.0          
49.1894197185          0.0          
49.4411635697          0.0          
49.6929074265          1.0          
49.9446512964          3.0          
50.1963951718          3.0          
50.4481390547          3.0          
50.6998829506          1.0          
50.9516268522          1.0          
51.203370763          2.0          
51.4551146831          1.0          
51.7068586145          1.0          
51.9586025495          2.0          
52.2103464976          0.0          
52.4620904531          2.0          
52.7138344161          3.0          
52.9655783903          2.0          
53.2173223719          0.0          
53.4331029337          4.0          
53.6848469339          1.0          
53.9365909379          1.0          
54.1883349549          1.0          
54.4400789794          0.0          
54.6918230131          2.0          
54.9435670543          2.0          
55.1953111049          1.0          
55.4470551629          3.0          
55.698799232          1.0          
55.9505433105          0.0          
56.2022873964          1.0          
56.4540314917          0.0          
56.7057755943          2.0          
56.9575197082          2.0          
57.2092638295          1.0          
57.4610079583          1.0          
57.7127520964          1.0          
57.9644962437          2.0          
58.2162404004          0.0          
58.432021115          0.0          
58.6837652866          1.0          
58.9355094675          0.0          
59.1872536577          1.0          
59.4389978573          1.0          
59.6907420643          0.0          
59.9424862824          4.0          
60.1942305081          2.0          
60.4459747411          0.0          
60.6977189835          0.0          
60.9494632352          0.0          
61.2012074944          0.0          
61.4529517666          1.0          
61.7046960443          2.0          
61.9564403314          1.0          
62.2081846278          0.0          
62.4599289335          3.0          
62.7116732448          0.0          
62.9634175673          0.0          
63.2151618991          1.0          
63.4669062365          0.0          
63.6826871093          1.0          
63.9344314635          1.0          
64.1861758288          2.0          
64.4379202016          0.0          
64.6896645837          2.0          
64.941408975          1.0          
65.1931533758          0.0          
65.4448977858          0.0          
65.6966422014          1.0          
65.94838663          0.0          
66.2001310624          1.0          
66.4518755078          0.0          
66.7036199607          2.0          
66.9553644229          1.0          
67.2071088925          0.0          
67.4588533733          0.0          
67.7105978597          1.0          
67.9623423573          0.0          
68.2140868641          1.0          
68.4658313766          1.0          
68.7175758984          1.0          
68.9333569277          1.0          
69.1851014681          1.0          
69.436846016          0.0          
69.6885905713          2.0          
69.9403351378          2.0          
70.1920797117          0.0          
70.4438242968          0.0          
70.6955688875          0.0          
70.9473134894          1.0          
71.1990581006          0.0          
71.4508027192          0.0          
71.7025473453          0.0          
71.9542919807          0.0          
72.2060366273          0.0          
72.4577812795          0.0          
72.7095259447          0.0          
72.9612706136          1.0          
73.2130152956          0.0          
73.464759985          1.0          
73.7165046819          0.0          
73.9322858583          1.0          
74.1840305738          0.0          
74.4357752949          0.0          
74.687520029          0.0          
74.9392647687          1.0          
75.1910095178          1.0          
75.4427542761          1.0          
75.6944990437          0.0          
75.946243817          0.0          
76.1979886033          0.0          
76.449733397          0.0          
76.7014781982          0.0          
76.8765245974          0.0          
77.1282692198          1.0          
77.3800138459          1.0          
77.631758485          1.0          
77.8835031297          0.0          
78.1352477856          1.0          
78.3869924489          0.0          
78.6387371235          0.0          
78.8904818036          0.0          
79.1422264948          0.0          
79.3939711917          0.0          
79.6457158998          0.0          
79.897460619          2.0          
80.1492053419          0.0          
