#scan_0014.mda
#signal= Column: 1
0.0          
0.0          
1.0          
1.0          
0.0          
0.0          
0.0          
0.0          
0.0          
0.0          
0.0          
0.0          
0.0          
0.0          
0.0          
0.0          
0.0          
0.0          
0.0          
0.0          
0.0          
0.0          
0.0          
0.0          
0.0          
0.0          
0.0          
2.0          
2.0          
0.0          
0.0          
0.0          
0.0          
0.0          
0.0          
0.0          
0.0          
0.0          
0.0          
1.0          
0.0          
0.0          
1.0          
0.0          
0.0          
0.0          
0.0          
0.0          
1.0          
0.0          
0.0          
0.0          
0.0          
0.0          
0.0          
0.0          
0.0          
1.0          
1.0          
0.0          
0.0          
0.0          
1.0          
0.0          
0.0          
0.0          
0.0          
0.0          
0.0          
0.0          
0.0          
0.0          
0.0          
0.0          
0.0          
0.0          
0.0          
1.0          
0.0          
2.0          
0.0          
1.0          
1.0          
1.0          
0.0          
0.0          
0.0          
0.0          
1.0          
1.0          
0.0          
0.0          
1.0          
0.0          
1.0          
0.0          
0.0          
0.0          
0.0          
1.0          
1.0          
1.0          
0.0          
0.0          
0.0          
0.0          
0.0          
1.0          
0.0          
0.0          
0.0          
0.0          
0.0          
0.0          
1.0          
0.0          
1.0          
0.0          
0.0          
1.0          
1.0          
0.0          
0.0          
1.0          
0.0          
0.0          
0.0          
1.0          
0.0          
0.0          
1.0          
0.0          
0.0          
1.0          
0.0          
0.0          
1.0          
1.0          
0.0          
0.0          
0.0          
0.0          
2.0          
0.0          
3.0          
0.0          
0.0          
0.0          
0.0          
2.0          
0.0          
1.0          
0.0          
2.0          
1.0          
1.0          
0.0          
0.0          
1.0          
2.0          
2.0          
0.0          
2.0          
0.0          
2.0          
1.0          
0.0          
0.0          
0.0          
0.0          
0.0          
0.0          
2.0          
1.0          
0.0          
3.0          
0.0          
0.0          
1.0          
3.0          
0.0          
0.0          
0.0          
2.0          
1.0          
3.0          
0.0          
1.0          
1.0          
1.0          
1.0          
2.0          
1.0          
0.0          
1.0          
2.0          
0.0          
1.0          
3.0          
0.0          
0.0          
2.0          
1.0          
2.0          
2.0          
3.0          
1.0          
0.0          
1.0          
2.0          
0.0          
1.0          
2.0          
4.0          
1.0          
3.0          
3.0          
4.0          
4.0          
3.0          
3.0          
4.0          
2.0          
4.0          
1.0          
3.0          
5.0          
1.0          
2.0          
5.0          
3.0          
2.0          
5.0          
5.0          
4.0          
4.0          
10.0          
8.0          
6.0          
4.0          
4.0          
7.0          
3.0          
5.0          
8.0          
6.0          
11.0          
9.0          
9.0          
3.0          
3.0          
1.0          
6.0          
10.0          
0.0          
6.0          
2.0          
8.0          
8.0          
6.0          
5.0          
9.0          
3.0          
12.0          
5.0          
10.0          
7.0          
8.0          
8.0          
11.0          
9.0          
12.0          
28.0          
32.0          
22.0          
32.0          
39.0          
29.0          
27.0          
28.0          
35.0          
31.0          
32.0          
34.0          
37.0          
53.0          
48.0          
32.0          
34.0          
28.0          
28.0          
17.0          
27.0          
19.0          
31.0          
15.0          
22.0          
24.0          
22.0          
21.0          
26.0          
21.0          
34.0          
17.0          
22.0          
21.0          
14.0          
21.0          
17.0          
23.0          
17.0          
19.0          
23.0          
26.0          
21.0          
24.0          
26.0          
37.0          
39.0          
50.0          
43.0          
65.0          
88.0          
117.0          
219.0          
376.0          
653.0          
891.0          
883.0          
663.0          
401.0          
240.0          
106.0          
70.0          
47.0          
49.0          
31.0          
37.0          
30.0          
15.0          
19.0          
25.0          
37.0          
19.0          
22.0          
20.0          
16.0          
26.0          
16.0          
28.0          
24.0          
26.0          
18.0          
26.0          
19.0          
28.0          
34.0          
42.0          
33.0          
32.0          
33.0          
38.0          
26.0          
36.0          
37.0          
40.0          
37.0          
44.0          
54.0          
57.0          
55.0          
62.0          
53.0          
51.0          
72.0          
44.0          
48.0          
37.0          
56.0          
47.0          
42.0          
35.0          
36.0          
24.0          
39.0          
18.0          
24.0          
22.0          
15.0          
25.0          
22.0          
20.0          
15.0          
11.0          
15.0          
10.0          
15.0          
17.0          
21.0          
12.0          
12.0          
13.0          
8.0          
7.0          
10.0          
10.0          
15.0          
12.0          
13.0          
12.0          
17.0          
16.0          
17.0          
11.0          
19.0          
12.0          
13.0          
13.0          
20.0          
15.0          
18.0          
11.0          
4.0          
7.0          
11.0          
10.0          
14.0          
8.0          
9.0          
9.0          
12.0          
5.0          
6.0          
10.0          
14.0          
10.0          
9.0          
11.0          
8.0          
8.0          
8.0          
9.0          
12.0          
7.0          
4.0          
8.0          
10.0          
6.0          
7.0          
8.0          
10.0          
4.0          
6.0          
5.0          
8.0          
5.0          
5.0          
6.0          
4.0          
9.0          
2.0          
3.0          
3.0          
2.0          
2.0          
1.0          
5.0          
5.0          
1.0          
3.0          
4.0          
2.0          
1.0          
2.0          
3.0          
4.0          
3.0          
5.0          
4.0          
4.0          
3.0          
3.0          
2.0          
4.0          
1.0          
3.0          
4.0          
5.0          
1.0          
2.0          
0.0          
2.0          
2.0          
2.0          
2.0          
4.0          
2.0          
1.0          
1.0          
2.0          
6.0          
3.0          
1.0          
4.0          
6.0          
1.0          
2.0          
2.0          
3.0          
2.0          
2.0          
1.0          
3.0          
2.0          
0.0          
1.0          
1.0          
3.0          
1.0          
1.0          
1.0          
1.0          
1.0          
1.0          
0.0          
0.0          
0.0          
0.0          
1.0          
0.0          
2.0          
0.0          
2.0          
3.0          
0.0          
1.0          
1.0          
0.0          
1.0          
0.0          
1.0          
1.0          
4.0          
0.0          
0.0          
0.0          
2.0          
0.0          
1.0          
0.0          
0.0          
0.0          
0.0          
1.0          
0.0          
0.0          
1.0          
0.0          
0.0          
0.0          
0.0          
0.0          
0.0          
1.0          
0.0          
0.0          
3.0          
0.0          
1.0          
0.0          
0.0          
0.0          
0.0          
1.0          
0.0          
1.0          
0.0          
0.0          
0.0          
1.0          
0.0          
0.0          
1.0          
0.0          
1.0          
0.0          
0.0          
1.0          
0.0          
0.0          
0.0          
0.0          
1.0          
0.0          
1.0          
0.0          
0.0          
0.0          
0.0          
0.0          
2.0          
0.0          
1.0          
1.0          
1.0          
0.0          
0.0          
0.0          
1.0          
0.0          
0.0          
0.0          
0.0          
0.0          
1.0          
0.0          
0.0          
0.0          
0.0          
0.0          
0.0          
0.0          
0.0          
0.0          
0.0          
0.0          
0.0          
0.0          
0.0          
0.0          
0.0          
0.0          
0.0          
0.0          
1.0          
0.0          
0.0          
0.0          
0.0          
1.0          
1.0          
