#scan_0012.mda
#signal= Column: 1
0.0          
0.0          
0.0          
0.0          
0.0          
0.0          
0.0          
0.0          
0.0          
0.0          
0.0          
0.0          
0.0          
0.0          
0.0          
0.0          
0.0          
0.0          
0.0          
2.0          
0.0          
0.0          
0.0          
0.0          
0.0          
0.0          
0.0          
0.0          
0.0          
0.0          
1.0          
0.0          
0.0          
0.0          
0.0          
0.0          
0.0          
0.0          
0.0          
1.0          
1.0          
0.0          
0.0          
0.0          
1.0          
1.0          
1.0          
1.0          
0.0          
0.0          
0.0          
0.0          
0.0          
0.0          
0.0          
0.0          
0.0          
2.0          
0.0          
0.0          
0.0          
1.0          
0.0          
0.0          
0.0          
1.0          
1.0          
1.0          
0.0          
0.0          
0.0          
0.0          
1.0          
0.0          
0.0          
0.0          
0.0          
0.0          
0.0          
0.0          
0.0          
0.0          
0.0          
0.0          
1.0          
0.0          
0.0          
0.0          
0.0          
1.0          
0.0          
0.0          
1.0          
0.0          
1.0          
0.0          
1.0          
0.0          
1.0          
1.0          
0.0          
0.0          
0.0          
0.0          
2.0          
0.0          
1.0          
1.0          
0.0          
0.0          
0.0          
1.0          
0.0          
0.0          
0.0          
0.0          
0.0          
0.0          
0.0          
0.0          
1.0          
2.0          
1.0          
1.0          
0.0          
0.0          
0.0          
0.0          
1.0          
2.0          
0.0          
1.0          
0.0          
0.0          
0.0          
0.0          
0.0          
0.0          
0.0          
0.0          
1.0          
0.0          
0.0          
0.0          
1.0          
0.0          
2.0          
1.0          
2.0          
0.0          
2.0          
1.0          
0.0          
1.0          
1.0          
0.0          
1.0          
1.0          
0.0          
1.0          
0.0          
0.0          
0.0          
0.0          
2.0          
1.0          
0.0          
2.0          
0.0          
0.0          
0.0          
0.0          
1.0          
1.0          
0.0          
2.0          
1.0          
2.0          
2.0          
1.0          
2.0          
2.0          
2.0          
1.0          
1.0          
1.0          
1.0          
2.0          
1.0          
1.0          
2.0          
0.0          
0.0          
1.0          
2.0          
3.0          
1.0          
2.0          
4.0          
1.0          
2.0          
4.0          
5.0          
1.0          
3.0          
5.0          
4.0          
4.0          
5.0          
5.0          
1.0          
3.0          
2.0          
0.0          
8.0          
4.0          
1.0          
3.0          
6.0          
7.0          
2.0          
4.0          
6.0          
5.0          
3.0          
8.0          
6.0          
7.0          
3.0          
8.0          
6.0          
4.0          
11.0          
7.0          
4.0          
12.0          
6.0          
6.0          
5.0          
2.0          
8.0          
6.0          
5.0          
1.0          
2.0          
2.0          
6.0          
5.0          
2.0          
5.0          
10.0          
5.0          
5.0          
6.0          
6.0          
10.0          
3.0          
8.0          
6.0          
12.0          
15.0          
15.0          
10.0          
15.0          
19.0          
15.0          
28.0          
31.0          
19.0          
31.0          
26.0          
28.0          
24.0          
32.0          
32.0          
32.0          
31.0          
38.0          
20.0          
30.0          
25.0          
22.0          
24.0          
26.0          
17.0          
21.0          
25.0          
20.0          
24.0          
32.0          
23.0          
11.0          
23.0          
18.0          
10.0          
24.0          
25.0          
12.0          
22.0          
15.0          
24.0          
25.0          
16.0          
14.0          
15.0          
22.0          
18.0          
19.0          
25.0          
32.0          
37.0          
42.0          
62.0          
63.0          
92.0          
146.0          
216.0          
405.0          
696.0          
832.0          
843.0          
618.0          
381.0          
178.0          
102.0          
85.0          
64.0          
42.0          
42.0          
40.0          
40.0          
33.0          
20.0          
21.0          
25.0          
22.0          
20.0          
18.0          
22.0          
17.0          
20.0          
21.0          
25.0          
31.0          
21.0          
24.0          
28.0          
19.0          
32.0          
33.0          
28.0          
40.0          
33.0          
29.0          
24.0          
32.0          
35.0          
37.0          
30.0          
48.0          
56.0          
51.0          
67.0          
65.0          
48.0          
46.0          
45.0          
53.0          
46.0          
50.0          
47.0          
51.0          
37.0          
35.0          
35.0          
32.0          
31.0          
16.0          
13.0          
11.0          
22.0          
22.0          
13.0          
13.0          
12.0          
11.0          
9.0          
10.0          
13.0          
10.0          
12.0          
15.0          
11.0          
15.0          
10.0          
11.0          
14.0          
7.0          
11.0          
6.0          
13.0          
12.0          
13.0          
15.0          
14.0          
18.0          
10.0          
22.0          
15.0          
10.0          
11.0          
20.0          
8.0          
10.0          
9.0          
11.0          
13.0          
14.0          
10.0          
8.0          
12.0          
8.0          
6.0          
9.0          
10.0          
5.0          
9.0          
5.0          
7.0          
9.0          
5.0          
12.0          
6.0          
5.0          
11.0          
9.0          
12.0          
7.0          
13.0          
13.0          
5.0          
7.0          
6.0          
4.0          
6.0          
6.0          
10.0          
3.0          
3.0          
5.0          
3.0          
3.0          
6.0          
3.0          
6.0          
5.0          
5.0          
7.0          
1.0          
2.0          
1.0          
2.0          
3.0          
2.0          
6.0          
2.0          
5.0          
4.0          
3.0          
1.0          
5.0          
4.0          
5.0          
1.0          
3.0          
1.0          
4.0          
3.0          
0.0          
4.0          
2.0          
4.0          
3.0          
1.0          
3.0          
3.0          
2.0          
3.0          
2.0          
2.0          
4.0          
2.0          
2.0          
5.0          
1.0          
3.0          
2.0          
3.0          
1.0          
2.0          
2.0          
2.0          
2.0          
0.0          
0.0          
3.0          
1.0          
0.0          
2.0          
0.0          
2.0          
2.0          
1.0          
2.0          
1.0          
1.0          
0.0          
0.0          
0.0          
1.0          
2.0          
1.0          
1.0          
1.0          
2.0          
0.0          
1.0          
1.0          
0.0          
1.0          
1.0          
2.0          
0.0          
4.0          
0.0          
1.0          
0.0          
0.0          
1.0          
0.0          
1.0          
1.0          
1.0          
0.0          
0.0          
0.0          
0.0          
1.0          
0.0          
0.0          
0.0          
2.0          
0.0          
0.0          
0.0          
0.0          
0.0          
1.0          
0.0          
2.0          
2.0          
0.0          
0.0          
0.0          
0.0          
0.0          
1.0          
0.0          
0.0          
2.0          
0.0          
0.0          
0.0          
0.0          
1.0          
1.0          
1.0          
0.0          
1.0          
1.0          
0.0          
0.0          
0.0          
0.0          
1.0          
0.0          
2.0          
1.0          
0.0          
0.0          
1.0          
0.0          
1.0          
0.0          
1.0          
0.0          
1.0          
0.0          
2.0          
2.0          
0.0          
0.0          
0.0          
0.0          
0.0          
0.0          
0.0          
0.0          
0.0          
0.0          
0.0          
1.0          
0.0          
1.0          
0.0          
1.0          
0.0          
0.0          
0.0          
0.0          
1.0          
0.0          
0.0          
0.0          
0.0          
0.0          
0.0          
0.0          
1.0          
1.0          
1.0          
0.0          
1.0          
0.0          
0.0          
0.0          
0.0          
0.0          
0.0          
2.0          
0.0          
