#Files Included:
#scan_0008.mda
#scan_0018.mda
#Energy= Column: 1
#Signal= Column: 2
-80.876919793          0.0          
-80.6251809094          0.0          
-80.3734420147          0.0          
-80.1053581629          0.0          
-79.8536187373          0.0          
-79.6018793061          0.0          
-79.3501398657          1.0          
-79.098400414          1.0          
-78.8466609567          0.0          
-78.5949214865          1.0          
-78.3431820106          0.0          
-78.0914425254          1.0          
-77.8397030327          1.0          
-77.5879635308          1.0          
-77.3362240177          2.0          
-77.0844844971          1.0          
-76.8327449691          0.0          
-76.5810054298          0.0          
-76.3292658832          0.0          
-76.1134891212          1.0          
-75.8617495578          1.0          
-75.6100099869          0.0          
-75.3582704067          0.0          
-75.1065308154          0.0          
-74.8547912166          0.0          
-74.6030516103          0.0          
-74.3513119929          0.0          
-74.0995723698          1.0          
-73.8478327338          1.0          
-73.596093094          1.0          
-73.344353443          1.0          
-73.0926137827          0.0          
-72.8408741131          0.0          
-72.5891344361          2.0          
-72.3373947497          0.0          
-72.0856550541          0.0          
-71.833915351          0.0          
-71.5821756385          1.0          
-71.3304359168          0.0          
-71.1146590058          0.0          
-70.8629192673          1.0          
-70.6111795232          0.0          
-70.3594397642          0.0          
-70.1077000033          1.0          
-69.8559602294          0.0          
-69.6042204462          1.0          
-69.3524806555          0.0          
-69.1007408556          1.0          
-68.8490010481          1.0          
-68.5972612314          1.0          
-68.3455214053          1.0          
-68.09378157          0.0          
-67.842041729          0.0          
-67.590301875          0.0          
-67.3385620154          1.0          
-67.0868221447          1.0          
-66.8350822646          0.0          
-66.583342379          1.0          
-66.331602484          0.0          
-66.0798625778          0.0          
-65.8640855104          0.0          
-65.6123455875          0.0          
-65.3606056571          0.0          
-65.1088657193          0.0          
-64.857125774          1.0          
-64.6053858157          1.0          
-64.3536458481          0.0          
-64.1019058768          0.0          
-63.8501658924          1.0          
-63.5984259024          1.0          
-63.3466859013          1.0          
-63.0949458927          0.0          
-62.8432058729          0.0          
-62.5914658494          0.0          
-62.3397258129          1.0          
-62.0879857689          1.0          
-61.8362457138          1.0          
-61.5845056511          0.0          
-61.3327655811          1.0          
-61.0810255017          0.0          
-60.829285413          1.0          
-60.6135081872          0.0          
-60.3617680836          0.0          
-60.1100279689          0.0          
-59.8582878467          0.0          
-59.606547717          0.0          
-59.3548075762          1.0          
-59.1030674297          1.0          
-58.8513272721          2.0          
-58.5995871034          0.0          
-58.347846929          0.0          
-58.0961067453          2.0          
-57.8443665542          0.0          
-57.5926263519          0.0          
-57.3408861421          0.0          
-57.089145923          1.0          
-56.8374056965          1.0          
-56.5856654588          1.0          
-56.3339252118          0.0          
-56.0821849592          0.0          
-55.8304446936          0.0          
-55.6146673206          2.0          
-55.3629270419          0.0          
-55.1111867521          0.0          
-54.8594464548          0.0          
-54.60770615          0.0          
-54.355965836          0.0          
-54.1042255126          0.0          
-53.8524851818          1.0          
-53.6007448398          2.0          
-53.3490044884          0.0          
-53.0972641334          0.0          
-52.8455237634          1.0          
-52.5937833898          1.0          
-52.3420430031          2.0          
-52.0903026108          1.0          
-51.8385622073          1.0          
-51.5868217964          0.0          
-51.3350813761          1.0          
-51.0833409466          0.0          
-50.8316005096          1.0          
-50.5798600633          0.0          
-50.3640825301          1.0          
-50.1123420689          1.0          
-49.8606015965          0.0          
-49.6088611167          1.0          
-49.3571206275          1.0          
-49.1053801291          1.0          
-48.8536396232          1.0          
-48.6018991079          1.0          
-48.3501585834          1.0          
-48.0984180495          0.0          
-47.8466775082          0.0          
-47.5949369576          0.0          
-47.3431963976          1.0          
-47.0914558284          1.0          
-46.8397152517          2.0          
-46.5879746657          1.0          
-46.3362340741          1.0          
-46.0844934676          2.0          
-45.8327528555          0.0          
-45.581012236          1.0          
-45.3292716034          0.0          
-45.1134939156          0.0          
-44.8617532682          1.0          
-44.6100126132          0.0          
-44.3582719527          1.0          
-44.1065312773          0.0          
-43.8547905963          2.0          
-43.6030499078          2.0          
-43.3513092082          1.0          
-43.0995684993          0.0          
-42.8478277829          1.0          
-42.5960870571          2.0          
-42.3443463221          1.0          
-42.0926055815          4.0          
-41.8408648297          1.0          
-41.5891240686          4.0          
-41.3373833001          4.0          
-41.0856425203          1.0          
-40.833901735          2.0          
-40.5821609404          1.0          
-40.3304201346          1.0          
-40.114642296          2.0          
-39.8629014734          1.0          
-39.6111606453          2.0          
-39.3594198059          1.0          
-39.107678961          0.0          
-38.855938103          3.0          
-38.6041972376          2.0          
-38.3524563648          1.0          
-38.1007154826          1.0          
-37.8489745911          3.0          
-37.5972336903          1.0          
-37.3454927839          2.0          
-37.0937518664          0.0          
-36.8420109395          0.0          
-36.5902700033          1.0          
-36.3385290597          1.0          
-36.0867881067          2.0          
-35.8350471444          0.0          
-35.5833061766          5.0          
-35.3315651976          2.0          
-35.0798242092          1.0          
-34.8640462123          1.0          
-34.6123052072          3.0          
-34.3605641946          2.0          
-34.1088231727          1.0          
-33.8570821434          2.0          
-33.6053411048          2.0          
-33.353600055          2.0          
-33.1018589977          2.0          
-32.8501179311          3.0          
-32.598376859          4.0          
-32.3466357738          4.0          
-32.094894683          1.0          
-31.843153581          3.0          
-31.5914124735          5.0          
-31.3396713529          2.0          
-31.0879302267          9.0          
-30.8361890912          8.0          
-30.5844479427          0.0          
-30.3327067904          2.0          
-30.0809656288          4.0          
-29.829224458          4.0          
-29.6134463027          6.0          
-29.3617051151          7.0          
-29.10996392          2.0          
-28.8582227156          3.0          
-28.6064815          4.0          
-28.3547402769          8.0          
-28.1029990446          5.0          
-27.8512578048          9.0          
-27.5995165557          6.0          
-27.3477752972          3.0          
-27.0960340295          4.0          
-26.8442927562          4.0          
-26.5925514717          9.0          
-26.3408101778          11.0          
-26.0890688766          3.0          
-25.837327566          11.0          
-25.5855862461          6.0          
-25.3338449169          5.0          
-25.0821035802          6.0          
-24.8303622343          5.0          
-24.61458393          13.0          
-24.362842571          10.0          
-24.1111011971          10.0          
-23.8593598176          3.0          
-23.6076184288          5.0          
-23.3558770344          6.0          
-23.1041356251          16.0          
-22.852394212          13.0          
-22.6006527878          7.0          
-22.3489113525          21.0          
-22.0971699134          13.0          
-21.8454284612          9.0          
-21.5936870035          8.0          
-21.3419455364          9.0          
-21.0902040601          18.0          
-20.8384625744          7.0          
-20.5867210794          14.0          
-20.334979577          11.0          
-20.0832380652          21.0          
-19.8314965442          11.0          
-19.5797550138          18.0          
-19.3639765549          13.0          
-19.1122350097          21.0          
-18.8604934532          13.0          
-18.6087518912          12.0          
-18.3570103198          4.0          
-18.1052687392          14.0          
-17.8535271492          17.0          
-17.6017855518          7.0          
-17.3500439432          16.0          
-17.0983023271          14.0          
-16.8465607036          19.0          
-16.594819067          17.0          
-16.3430774268          15.0          
-16.0913357753          14.0          
-15.8395941146          22.0          
-15.5878524464          15.0          
-15.3361107688          13.0          
-15.084369082          21.0          
-14.8326273859          17.0          
-14.5808856841          23.0          
-14.3291439693          24.0          
-14.1133653522          38.0          
-13.8616236243          36.0          
-13.6098818853          37.0          
-13.3581401389          58.0          
-13.1063983832          59.0          
-12.8546566181          71.0          
-12.6029148456          58.0          
-12.3511730637          57.0          
-12.0994312745          51.0          
-11.847689474          66.0          
-11.5959476661          64.0          
-11.3442058489          50.0          
-11.0924640223          83.0          
-10.8407221865          72.0          
-10.5889803451          79.0          
-10.3372384924          74.0          
-10.0854966324          57.0          
-9.83375476114          74.0          
-9.58201288059          44.0          
-9.33027099445          48.0          
-9.11449222825          56.0          
-8.86275032349          54.0          
-8.61100841127          56.0          
-8.35926648974          41.0          
-8.10752456076          50.0          
-7.85578262061          56.0          
-7.604040673          41.0          
-7.35229871608          43.0          
-7.10055675358          49.0          
-6.84881477803          44.0          
-6.59707279503          42.0          
-6.34533080272          44.0          
-6.0935888011          40.0          
-5.84184679389          39.0          
-5.5901047755          24.0          
-5.3383627478          36.0          
-5.08662071265          34.0          
-4.83487867005          30.0          
-4.58313661627          33.0          
-4.33139455318          42.0          
-4.07965248264          56.0          
-3.86387355812          47.0          
-3.61213147081          31.0          
-3.3603893742          40.0          
-3.10864726827          49.0          
-2.85690515675          76.0          
-2.60516303405          67.0          
-2.35342090204          72.0          
-2.10167876258          96.0          
-1.84993661381          99.0          
-1.59819445759          142.0          
-1.34645229205          190.0          
-1.09471011534          241.0          
-0.842967931181          415.0          
-0.591225739568          792.0          
-0.33948353678          1288.0          
-0.0877413265407          1757.0          
0.164000893012          1676.0          
0.415743121877          1447.0          
0.667485358194          838.0          
0.919227600098          436.0          
1.17096985504          224.0          
1.38674893789          137.0          
1.6384912096          105.0          
1.89023348689          76.0          
2.14197577722          56.0          
2.39371807314          62.0          
2.64546038024          51.0          
2.89720269479          58.0          
3.14894501679          39.0          
3.40068735182          62.0          
3.65242969058          41.0          
3.90417203866          44.0          
4.15591439791          43.0          
4.40765676461          38.0          
4.65939914249          36.0          
4.91114152595          39.0          
5.16288391873          38.0          
5.41462632455          56.0          
5.66636873595          49.0          
5.91811115481          57.0          
6.16985358298          38.0          
6.38563281484          49.0          
6.63737525977          57.0          
6.88911771588          55.0          
7.14086017571          68.0          
7.39260264859          75.0          
7.64434512891          58.0          
7.89608761854          70.0          
8.14783011563          70.0          
8.39957262203          73.0          
8.65131513961          62.0          
8.90305766277          66.0          
9.15480019525          77.0          
9.40654273704          74.0          
9.65828529          65.0          
9.91002784669          82.0          
10.1617704164          110.0          
10.4135129936          103.0          
10.6652555801          106.0          
10.916998174          110.0          
11.1687407773          130.0          
11.4204833899          108.0          
11.6362627801          101.0          
11.8880054075          82.0          
12.1397480462          104.0          
12.3914906904          89.0          
12.6432333477          86.0          
12.8949760087          109.0          
13.1467186827          92.0          
13.3984613642          81.0          
13.650204055          77.0          
13.9019467551          66.0          
14.1536894608          45.0          
14.4054321777          40.0          
14.657174902          33.0          
14.9089176375          29.0          
15.1606603805          34.0          
15.4124031328          30.0          
15.6641458906          33.0          
15.9158886615          24.0          
16.1676314417          39.0          
16.4193742257          29.0          
16.6351537667          20.0          
16.8868965693          17.0          
17.1386393793          32.0          
17.3903822023          23.0          
17.642125031          23.0          
17.8938678689          25.0          
18.1456107162          20.0          
18.3973535728          20.0          
18.6490964368          19.0          
18.900839312          21.0          
19.1525821947          28.0          
19.4043250848          30.0          
19.656067986          27.0          
19.9078108929          21.0          
20.1595538128          24.0          
20.4112967383          16.0          
20.6630396731          18.0          
20.9147826172          16.0          
21.1665255707          26.0          
21.4182685334          33.0          
21.6700115018          28.0          
21.8857911974          27.0          
22.1375341862          41.0          
22.3892771807          29.0          
22.6410201862          29.0          
22.8927631956          24.0          
23.1445062179          24.0          
23.3962492496          22.0          
23.6479922887          18.0          
23.8997353371          14.0          
24.151478393          14.0          
24.4032214601          19.0          
24.6549645346          16.0          
24.9067076184          20.0          
25.1584507115          14.0          
25.4101938121          16.0          
25.6619369201          14.0          
25.9136800412          14.0          
26.165423166          19.0          
26.4171663038          19.0          
26.668909451          23.0          
26.9206526019          19.0          
27.1364324559          24.0          
27.3881756254          17.0          
27.6399188042          24.0          
27.8916619923          19.0          
28.1434051879          20.0          
28.3951483946          12.0          
28.646891607          23.0          
28.8986348305          18.0          
29.1503780615          13.0          
29.4021213017          11.0          
29.6538645532          16.0          
29.9056078102          15.0          
30.1573510785          18.0          
30.4090943541          14.0          
30.6608376373          13.0          
30.9125809297          12.0          
31.1643242333          7.0          
31.4160675425          13.0          
31.6678108647          10.0          
31.9195541907          7.0          
32.1353341918          6.0          
32.3870775383          12.0          
32.6388208941          9.0          
32.8905642536          8.0          
33.1423076261          14.0          
33.3940510042          7.0          
33.6457943954          13.0          
33.897537794          13.0          
34.1492811982          7.0          
34.4010246135          9.0          
34.6527680382          3.0          
34.9045114685          5.0          
35.1562549118          4.0          
35.4079983626          7.0          
35.6597418208          7.0          
35.9114852883          5.0          
36.163228767          7.0          
36.4149722513          8.0          
36.6667157449          5.0          
36.9184592478          5.0          
37.1702027582          5.0          
37.3859829213          4.0          
37.6377264485          7.0          
37.8894699868          5.0          
38.1412135307          9.0          
38.3929570857          4.0          
38.6447006483          4.0          
38.896444222          7.0          
39.1481878031          5.0          
39.3999313917          6.0          
39.6516749915          4.0          
39.9034185968          4.0          
40.1551622115          8.0          
40.4069058392          6.0          
40.6586494725          5.0          
40.9103931133          5.0          
41.1621367671          3.0          
41.4138804264          4.0          
41.6656240951          7.0          
41.9173677713          2.0          
42.1691114586          5.0          
42.4208551534          4.0          
42.6366354711          7.0          
42.8883791845          6.0          
43.1401229035          6.0          
43.3918666337          5.0          
43.6436103713          8.0          
43.8953541182          4.0          
44.1470978744          4.0          
44.3988416381          1.0          
44.6505854093          4.0          
44.9023291934          4.0          
45.1540729832          4.0          
45.4058167823          2.0          
45.6575605907          3.0          
45.9093044084          4.0          
46.1610482335          9.0          
46.4127920698          2.0          
46.6645359118          2.0          
46.9162797648          2.0          
47.1680236273          2.0          
47.4197674952          3.0          
47.635547962          2.0          
47.8872918505          3.0          
48.1390357446          7.0          
48.390779648          1.0          
48.6425235607          5.0          
48.8942674827          3.0          
49.1460114121          3.0          
49.3977553509          6.0          
49.6494992971          2.0          
49.9012432564          3.0          
50.1529872231          3.0          
50.4047311954          1.0          
50.6564751789          2.0          
50.908219168          3.0          
51.1599631701          2.0          
51.4117071796          2.0          
51.6634511985          2.0          
51.9151952229          2.0          
52.1669392604          2.0          
52.4186833072          0.0          
52.6704273578          4.0          
52.8862079829          0.0          
53.1379520521          1.0          
53.3896961305          2.0          
53.6414402183          0.0          
53.8931843136          1.0          
54.14492842          1.0          
54.396672532          1.0          
54.6484166551          1.0          
54.9001607858          0.0          
55.1519049257          0.0          
55.4036490768          2.0          
55.6553932317          1.0          
55.9071373995          2.0          
56.158881573          2.0          
56.4106257576          1.0          
56.6623699497          1.0          
56.9141141511          1.0          
57.1658583619          1.0          
57.4176025819          1.0          
57.6693468112          2.0          
57.8851275835          0.0          
58.1368718278          1.0          
58.3886160813          0.0          
58.6403603423          1.0          
58.8921046145          1.0          
59.1438488923          1.0          
59.3955931813          0.0          
59.6473374777          1.0          
59.8990817852          1.0          
60.1508260965          2.0          
60.4025704227          1.0          
60.6543147545          0.0          
60.9060590956          3.0          
61.1578034461          2.0          
61.4095478039          0.0          
61.6612921711          1.0          
61.9130365457          2.0          
62.1647809334          0.0          
62.4165253248          1.0          
62.6682697292          2.0          
62.9200141393          0.0          
63.1357950699          2.0          
63.3875395004          0.0          
63.6392839365          0.0          
63.89102838          1.0          
64.1427728347          0.0          
64.3945172969          0.0          
64.6462617684          0.0          
64.8980062492          1.0          
65.1497507393          0.0          
65.4014952369          0.0          
65.6532397438          1.0          
65.90498426          1.0          
66.1567287855          1.0          
66.4084733166          1.0          
66.6602178589          0.0          
66.9119624104          0.0          
67.1637069695          0.0          
67.4154515397          0.0          
67.6671961136          0.0          
67.9189407025          1.0          
68.170685295          0.0          
68.3864663839          0.0          
68.6382109951          0.0          
68.8899556175          0.0          
69.1417002436          1.0          
69.3934448827          1.0          
69.6451895274          0.0          
69.8969341833          0.0          
70.1486788467          0.0          
70.4004235212          1.0          
70.6521682013          0.0          
70.9039128926          0.0          
71.1556575894          1.0          
71.4074022975          0.0          
71.6591470167          1.0          
71.9108917397          2.0          
72.1626364756          1.0          
72.4143812191          0.0          
72.6661259718          1.0          
72.9178707302          0.0          
73.1696154997          0.0          
73.3853967395          0.0          
73.6371415239          0.0          
73.8888863195          0.0          
74.1406311207          0.0          
74.392375933          4.0          
74.6441207565          0.0          
74.8958655838          0.0          
75.1476104241          3.0          
75.3993552718          1.0          
75.651100127          1.0          
75.9028449897          1.0          
76.1545898654          0.0          
76.4063347466          2.0          
76.6580796391          0.0          
76.9098245408          0.0          
77.1615694482          0.0          
77.4133143667          2.0          
77.6650592927          2.0          
77.916804228          0.0          
78.1685491707          0.0          
78.4202941246          1.0          
78.636075519          1.0          
78.8878204897          0.0          
79.1395654678          1.0          
79.3913104534          0.0          
79.6430554502          0.0          
79.8948004544          0.0          
