#Files Included:
#scan_0008.mda
#scan_0067.mda
#scan_0318.mda
#Energy= Column: 1
#Signal= Column: 2
-160.553490585          0.0          
-160.553490585          0.0          
-160.030503428          0.0          
-160.030503428          0.0          
-159.507516233          0.0          
-159.507516233          0.0          
-158.984528998          0.0          
-158.984528998          0.0          
-158.461541725          0.0          
-158.461541725          0.0          
-157.93855441          0.0          
-157.93855441          0.0          
-157.415567055          0.0          
-157.415567055          0.0          
-156.89257966          0.0          
-156.89257966          0.0          
-156.369592221          0.0          
-156.369592221          0.0          
-156.369592221          0.0          
-155.846604746          0.0          
-155.846604746          0.0          
-155.323617233          1.0          
-155.323617233          0.0          
-154.800629677          0.0          
-154.800629677          0.0          
-154.277642082          0.0          
-154.277642082          0.0          
-153.754654443          0.0          
-153.754654443          0.0          
-153.23166677          0.0          
-153.23166677          0.0          
-152.708679054          0.0          
-152.708679054          0.0          
-152.185691299          0.0          
-152.185691299          0.0          
-151.662703501          0.0          
-151.662703501          1.0          
-151.139715666          0.0          
-151.139715666          0.0          
-150.616727788          0.0          
-150.616727788          0.0          
-150.616727788          1.0          
-150.093739873          1.0          
-150.093739873          0.0          
-149.570751917          0.0          
-149.570751917          0.0          
-149.047763923          0.0          
-149.047763923          0.0          
-148.524775887          0.0          
-148.524775887          0.0          
-148.001787808          0.0          
-148.001787808          0.0          
-147.478799693          0.0          
-147.478799693          0.0          
-146.955811536          0.0          
-146.955811536          0.0          
-146.432823338          0.0          
-146.432823338          1.0          
-145.909835106          0.0          
-145.909835106          0.0          
-145.386846827          0.0          
-145.386846827          0.0          
-144.86385851          0.0          
-144.86385851          0.0          
-144.86385851          0.0          
-144.340870155          0.0          
-144.340870155          0.0          
-143.817881754          0.0          
-143.817881754          0.0          
-143.294893319          0.0          
-143.294893319          0.0          
-142.771904843          0.0          
-142.771904843          1.0          
-142.248916324          0.0          
-142.248916324          1.0          
-141.725927766          1.0          
-141.725927766          0.0          
-141.202939171          0.0          
-141.202939171          0.0          
-140.679950528          0.0          
-140.679950528          0.0          
-140.156961853          0.0          
-140.156961853          0.0          
-139.633973138          0.0          
-139.633973138          0.0          
-139.110984378          1.0          
-139.110984378          0.0          
-139.110984378          0.0          
-138.587995583          0.0          
-138.587995583          0.0          
-138.065006742          0.0          
-138.065006742          0.0          
-137.542017866          0.0          
-137.542017866          0.0          
-137.019028947          0.0          
-137.019028947          0.0          
-136.49603999          0.0          
-136.49603999          0.0          
-135.973050993          0.0          
-135.973050993          0.0          
-135.450061955          0.0          
-135.450061955          0.0          
-134.927072875          0.0          
-134.927072875          0.0          
-134.404083759          0.0          
-134.404083759          0.0          
-133.881094597          0.0          
-133.881094597          0.0          
-133.358105401          1.0          
-133.358105401          0.0          
-133.358105401          0.0          
-132.835116163          0.0          
-132.835116163          0.0          
-132.312126882          0.0          
-132.312126882          0.0          
-131.789137566          1.0          
-131.789137566          0.0          
-131.266148206          0.0          
-131.266148206          0.0          
-130.743158804          0.0          
-130.743158804          0.0          
-130.220169367          0.0          
-130.220169367          0.0          
-129.697179889          0.0          
-129.697179889          0.0          
-129.174190369          1.0          
-129.174190369          0.0          
-128.651200809          0.0          
-128.651200809          0.0          
-128.128211211          0.0          
-128.128211211          0.0          
-127.60522157          0.0          
-127.60522157          1.0          
-127.60522157          0.0          
-127.082231894          1.0          
-127.082231894          0.0          
-126.559242174          1.0          
-126.559242174          0.0          
-126.036252415          1.0          
-126.036252415          0.0          
-125.513262615          0.0          
-125.513262615          0.0          
-124.990272772          0.0          
-124.990272772          0.0          
-124.467282893          0.0          
-124.467282893          0.0          
-123.944292977          0.0          
-123.944292977          0.0          
-123.421303017          0.0          
-123.421303017          0.0          
-122.898313016          0.0          
-122.898313016          0.0          
-122.375322975          0.0          
-122.375322975          0.0          
-121.852332894          1.0          
-121.852332894          0.0          
-121.852332894          0.0          
-121.329342775          0.0          
-121.329342775          0.0          
-120.806352617          0.0          
-120.806352617          0.0          
-120.283362415          0.0          
-120.283362415          0.0          
-119.760372175          0.0          
-119.760372175          0.0          
-119.237381892          0.0          
-119.237381892          0.0          
-118.714391571          0.0          
-118.714391571          0.0          
-118.191401212          0.0          
-118.191401212          0.0          
-117.668410815          0.0          
-117.668410815          0.0          
-117.145420372          0.0          
-117.145420372          1.0          
-116.622429891          0.0          
-116.622429891          0.0          
-116.099439371          0.0          
-116.099439371          0.0          
-116.099439371          0.0          
-115.576448809          0.0          
-115.576448809          0.0          
-115.053458206          0.0          
-115.053458206          0.0          
-114.530467566          0.0          
-114.530467566          0.0          
-114.007476883          0.0          
-114.007476883          0.0          
-113.484486165          0.0          
-113.484486165          0.0          
-112.961495403          0.0          
-112.961495403          0.0          
-112.438504601          0.0          
-112.438504601          0.0          
-111.915513759          0.0          
-111.915513759          0.0          
-111.392522881          1.0          
-111.392522881          0.0          
-110.869531959          0.0          
-110.869531959          1.0          
-110.869531959          0.0          
-110.346540997          1.0          
-110.346540997          0.0          
-109.823549991          2.0          
-109.823549991          0.0          
-109.300558951          0.0          
-109.300558951          0.0          
-108.777567869          0.0          
-108.777567869          0.0          
-108.25457675          0.0          
-108.25457675          0.0          
-107.731585585          0.0          
-107.731585585          1.0          
-107.208594384          1.0          
-107.208594384          1.0          
-106.685603144          0.0          
-106.685603144          0.0          
-106.162611861          0.0          
-106.162611861          0.0          
-105.639620537          0.0          
-105.639620537          0.0          
-105.116629178          0.0          
-105.116629178          0.0          
-105.116629178          0.0          
-104.593637772          0.0          
-104.593637772          0.0          
-104.070646331          0.0          
-104.070646331          0.0          
-103.547654847          0.0          
-103.547654847          1.0          
-103.024663324          0.0          
-103.024663324          1.0          
-102.501671759          1.0          
-102.501671759          1.0          
-101.97868016          0.0          
-101.97868016          0.0          
-101.455688518          0.0          
-101.455688518          0.0          
-100.932696834          0.0          
-100.932696834          0.0          
-100.40970511          0.0          
-100.40970511          0.0          
-99.8867133427          0.0          
-99.8867133427          0.0          
-99.3637215383          0.0          
-99.3637215383          1.0          
-99.3637215383          0.0          
-98.8407297004          0.0          
-98.8407297004          0.0          
-98.3177378178          0.0          
-98.3177378178          1.0          
-97.7947458923          0.0          
-97.7947458923          0.0          
-97.2717539296          0.0          
-97.2717539296          0.0          
-96.7487619258          0.0          
-96.7487619258          0.0          
-96.225769883          0.0          
-96.225769883          0.0          
-95.7027778029          0.0          
-95.7027778029          1.0          
-95.1797856744          0.0          
-95.1797856744          0.0          
-94.6567935087          1.0          
-94.6567935087          0.0          
-94.1338013057          0.0          
-94.1338013057          0.0          
-93.6108090617          0.0          
-93.6108090617          0.0          
-93.6108090617          0.0          
-93.0878167804          0.0          
-93.0878167804          0.0          
-92.5648244545          0.0          
-92.5648244545          0.0          
-92.0418320913          0.0          
-92.0418320913          1.0          
-91.5188396871          0.0          
-91.5188396871          1.0          
-90.9958472438          0.0          
-90.9958472438          0.0          
-90.4728547577          0.0          
-90.4728547577          0.0          
-89.9498622324          0.0          
-89.9498622324          0.0          
-89.4268696737          1.0          
-89.4268696737          0.0          
-88.9038770627          0.0          
-88.9038770627          0.0          
-88.3808844183          0.0          
-88.3808844183          0.0          
-87.8578917328          0.0          
-87.8578917328          0.0          
-87.8578917328          0.0          
-87.3348990064          0.0          
-87.3348990064          0.0          
-86.8119062409          0.0          
-86.8119062409          0.0          
-86.2889134418          0.0          
-86.2889134418          0.0          
-85.7659205943          0.0          
-85.7659205943          0.0          
-85.2429277096          0.0          
-85.2429277096          0.0          
-84.7199347839          0.0          
-84.7199347839          0.0          
-84.1969418153          0.0          
-84.1969418153          0.0          
-83.6739488095          0.0          
-83.6739488095          0.0          
-83.1509557683          0.0          
-83.1509557683          1.0          
-82.6279626805          0.0          
-82.6279626805          0.0          
-82.1049695555          0.0          
-82.1049695555          0.0          
-82.1049695555          1.0          
-81.5819763914          0.0          
-81.5819763914          0.0          
-81.0589831844          0.0          
-81.0589831844          0.0          
-80.5359899383          1.0          
-80.5359899383          0.0          
-80.012996655          0.0          
-80.012996655          0.0          
-79.4900033269          0.509344970601          
-79.4900033269          0.509344970601          
-78.9670099597          0.413132293686          
-78.9670099597          0.413132293686          
-78.4440165535          0.335609542332          
-78.4440165535          1.33560954233          
-77.9210231081          2.0          
-77.9210231081          1.0          
-77.3980296217          0.180564026203          
-77.3980296217          0.180564026203          
-76.8750360962          0.0          
-76.8750360962          0.0          
-76.3520425297          2.11733865691          
-76.3520425297          1.11733865691          
-76.3520425297          0.117338656905          
-75.8290489223          0.805138552158          
-75.8290489223          0.805138552158          
-75.3060552739          0.0          
-75.3060552739          0.0          
-74.7830615882          0.0          
-74.7830615882          0.0          
-74.2600678578          0.427429889798          
-74.2600678578          0.427429889798          
-73.7370740958          0.0          
-73.7370740958          1.0          
-73.2140802871          0.0          
-73.2140802871          0.0          
-72.6910864413          0.0          
-72.6910864413          2.0          
-72.1680925544          0.0          
-72.1680925544          0.0          
-71.6450986285          1.0          
-71.6450986285          0.0          
-71.1221046615          1.0          
-71.1221046615          0.0          
-70.5991106555          1.0          
-70.5991106555          1.0          
-70.5991106555          1.0          
-70.0761166066          0.858320784813          
-70.0761166066          0.858320784813          
-69.5531225186          2.0641550253          
-69.5531225186          1.0641550253          
-69.0301283915          1.02673832022          
-69.0301283915          0.0267383202228          
-68.5071342215          2.09089336982          
-68.5071342215          3.09089336982          
-67.9841400161          0.0          
-67.9841400161          0.0          
-67.4611457679          2.0          
-67.4611457679          3.0          
-66.9381514825          0.676533993787          
-66.9381514825          0.676533993787          
-66.4151571523          0.0          
-66.4151571523          0.0          
-65.8921627849          0.558266903911          
-65.8921627849          0.558266903911          
-65.3691683766          1.0          
-65.3691683766          2.0          
-65.3691683766          1.0          
-64.8461739272          1.77642014576          
-64.8461739272          0.776420145757          
-64.3231794424          2.29211119556          
-64.3231794424          1.29211119556          
-63.8001849111          1.93146870015          
-63.8001849111          0.931468700147          
-63.2771903425          1.99100702005          
-63.2771903425          0.991007020046          
-62.7541957349          1.08651726859          
-62.7541957349          2.08651726859          
-62.2312010862          0.32808314814          
-62.2312010862          0.32808314814          
-61.7082063984          0.0          
-61.7082063984          1.0          
-61.1852116715          0.0          
-61.1852116715          0.0          
-60.6622169018          0.537283063176          
-60.6622169018          1.53728306318          
-60.1392220929          0.0          
-60.1392220929          0.0          
-59.6162272431          0.0          
-59.6162272431          1.0          
-59.6162272431          1.0          
-59.093232356          3.0          
-59.093232356          0.0          
-58.5702374224          2.15043093011          
-58.5702374224          1.15043093011          
-58.047242457          2.0          
-58.047242457          5.0          
-57.5242474489          1.00461779827          
-57.5242474489          1.00461779827          
-57.0012523979          0.917857811365          
-57.0012523979          0.917857811365          
-56.4782573078          0.0          
-56.4782573078          1.0          
-55.9552621804          0.0          
-55.9552621804          4.0          
-55.4322670121          2.62728240697          
-55.4322670121          3.62728240697          
-54.9092718028          1.0          
-54.9092718028          0.0          
-54.3862765525          0.0          
-54.3862765525          0.0          
-53.863281263          2.3098541843          
-53.863281263          0.309854184302          
-53.863281263          0.309854184302          
-53.3402859308          3.53534055122          
-53.3402859308          1.53534055122          
-52.8172905613          3.38077888493          
-52.8172905613          4.38077888493          
-52.2942951526          3.84543836882          
-52.2942951526          1.84543836882          
-51.7712997049          3.9995127107          
-51.7712997049          3.9995127107          
-51.2483042125          2.0          
-51.2483042125          7.0          
-50.7253086846          0.0          
-50.7253086846          3.0          
-50.2023131121          2.0          
-50.2023131121          2.0          
-49.6793175023          1.45319875654          
-49.6793175023          2.45319875654          
-49.1563218515          2.4692767339          
-49.1563218515          0.469276733902          
-48.6333261654          4.0          
-48.6333261654          5.0          
-48.1103304289          3.0          
-48.1103304289          1.0          
-48.1103304289          5.0          
-47.5873346608          3.0          
-47.5873346608          0.0          
-47.0643388499          2.31835721116          
-47.0643388499          2.31835721116          
-46.5413429979          5.0          
-46.5413429979          7.0          
-46.0183471087          3.0          
-46.0183471087          4.0          
-45.4953511786          8.9266049185          
-45.4953511786          5.9266049185          
-44.9723552074          3.0          
-44.9723552074          3.0          
-44.4493591972          1.0          
-44.4493591972          3.0          
-43.9263631459          5.44882598794          
-43.9263631459          4.44882598794          
-43.4033670537          7.0          
-43.4033670537          7.0          
-42.8803709224          4.79224958635          
-42.8803709224          7.79224958635          
-42.3573747519          7.0          
-42.3573747519          4.0          
-42.3573747519          3.0          
-41.8343785405          6.48215109443          
-41.8343785405          7.48215109443          
-41.3113822881          6.83644909453          
-41.3113822881          12.8364490945          
-40.7883859966          6.82794748915          
-40.7883859966          7.82794748915          
-40.265389666          6.98299679806          
-40.265389666          7.98299679806          
-39.7423932943          5.42376040524          
-39.7423932943          6.42376040524          
-39.2193968836          5.42119026727          
-39.2193968836          10.4211902673          
-38.6964004301          9.73385910732          
-38.6964004301          6.73385910732          
-38.173403943          6.0          
-38.173403943          5.0          
-37.6504074056          11.0          
-37.6504074056          11.0          
-37.1274108347          14.2014890743          
-37.1274108347          8.20148907433          
-36.6044142209          11.0          
-36.6044142209          10.0          
-36.6044142209          16.0          
-36.0814175718          12.245446924          
-36.0814175718          11.245446924          
-35.5584208798          16.5037665838          
-35.5584208798          16.5037665838          
-35.0354241487          13.0          
-35.0354241487          17.0          
-34.5124273729          13.87001556          
-34.5124273729          16.87001556          
-33.9894305635          21.3774724352          
-33.9894305635          19.3774724352          
-33.4664337113          17.7149660484          
-33.4664337113          17.7149660484          
-32.9434368182          13.274882559          
-32.9434368182          15.274882559          
-32.4204398841          19.0          
-32.4204398841          13.0          
-31.8974429108          13.5176082997          
-31.8974429108          26.5176082997          
-31.3744458966          19.8097337958          
-31.3744458966          21.8097337958          
-30.8514488451          28.6546841898          
-30.8514488451          26.6546841898          
-30.8514488451          23.6546841898          
-30.3284517527          24.5003654289          
-30.3284517527          37.5003654289          
-29.8054546192          27.8277075406          
-29.8054546192          32.8277075406          
-29.2824574485          40.8076419448          
-29.2824574485          27.8076419448          
-28.759460235          33.0          
-28.759460235          25.0          
-28.2364629805          39.1874431983          
-28.2364629805          33.1874431983          
-27.7134656869          34.1226562386          
-27.7134656869          31.1226562386          
-27.1904683504          33.7163778645          
-27.1904683504          33.7163778645          
-26.6674709786          47.1785690096          
-26.6674709786          45.1785690096          
-26.1444735657          36.4867613239          
-26.1444735657          46.4867613239          
-25.6214761138          45.0923643926          
-25.6214761138          49.0923643926          
-25.0984786209          46.0048653725          
-25.0984786209          50.0048653725          
-25.0984786209          53.0048653725          
-24.5754810851          58.571271662          
-24.5754810851          54.571271662          
-24.0524835102          61.0338045619          
-24.0524835102          60.0338045619          
-23.5294859          63.0437203443          
-23.5294859          78.0437203443          
-23.0064882468          59.3937736191          
-23.0064882468          85.3937736191          
-22.483490549          62.7950809329          
-22.483490549          74.7950809329          
-21.9604928121          76.2370481175          
-21.9604928121          88.2370481175          
-21.4374950416          85.4152805318          
-21.4374950416          73.4152805318          
-20.9144972265          91.411929368          
-20.9144972265          99.411929368          
-20.3914993722          93.5088700726          
-20.3914993722          92.5088700726          
-19.8685014788          91.4816296709          
-19.8685014788          111.481629671          
-19.8685014788          97.4816296709          
-19.3455035426          101.774573399          
-19.3455035426          109.774573399          
-18.8225055709          100.115697817          
-18.8225055709          127.115697817          
-18.2995075546          125.0          
-18.2995075546          104.0          
-17.7765094973          131.842591072          
-17.7765094973          132.842591072          
-17.2535114065          126.181859355          
-17.2535114065          124.181859355          
-16.7305132728          122.777609058          
-16.7305132728          149.777609058          
-16.2075150963          134.456145367          
-16.2075150963          132.456145367          
-15.6845168807          135.951642908          
-15.6845168807          156.951642908          
-15.1615186222          171.134887179          
-15.1615186222          176.134887179          
-14.6385203283          193.990995013          
-14.6385203283          174.990995013          
-14.1155219972          200.395160741          
-14.1155219972          184.395160741          
-14.1155219972          191.395160741          
-13.5925236214          202.209639147          
-13.5925236214          199.209639147          
-13.0695252065          223.879934876          
-13.0695252065          240.879934876          
-12.5465267468          255.042540005          
-12.5465267468          233.042540005          
-12.0235282518          261.0          
-12.0235282518          226.0          
-11.5005297158          254.09991827          
-11.5005297158          261.09991827          
-10.9775311444          285.719576098          
-10.9775311444          295.719576098          
-10.4545325246          324.846108981          
-10.4545325246          314.846108981          
-9.93153386936          308.556626743          
-9.93153386936          328.556626743          
-9.40853517689          310.803496825          
-9.40853517689          332.803496825          
-8.88553643785          299.927076239          
-8.88553643785          364.927076239          
-8.36253766157          368.515335892          
-8.36253766157          384.515335892          
-8.36253766157          379.515335892          
-7.83953884803          374.364781295          
-7.83953884803          382.364781295          
-7.31653999351          425.257960115          
-7.31653999351          444.257960115          
-6.79354109429          475.718562719          
-6.79354109429          426.718562719          
-6.27054215595          457.214332978          
-6.27054215595          456.214332978          
-5.7475431785          506.810413764          
-5.7475431785          514.810413764          
-5.22454416379          505.70031407          
-5.22454416379          466.70031407          
-4.70154510811          529.842362466          
-4.70154510811          506.842362466          
-4.17854601517          524.747918496          
-4.17854601517          538.747918496          
-3.65554687753          570.388977441          
-3.65554687753          515.388977441          
-3.13254769892          552.143332397          
-3.13254769892          521.143332397          
-2.60954848118          526.593833292          
-2.60954848118          588.593833292          
-2.60954848118          590.593833292          
-2.08654922433          609.873560771          
-2.08654922433          616.873560771          
-1.5635499265          736.295269699          
-1.5635499265          918.295269699          
-1.04055058956          1281.33430313          
-1.04055058956          1717.33430313          
-0.517551213503          3884.63518217          
-0.517551213503          5795.63518217          
0.00544820539653          8815.65027419          
0.00544820539653          7884.65027419          
0.528447661549          4171.67080055          
0.528447661549          2788.67080055          
1.05144715868          1260.34807827          
1.05144715868          1062.34807827          
1.57444669679          716.061267961          
1.57444669679          708.061267961          
2.09744627401          569.432623622          
2.09744627401          524.432623622          
2.62044589035          538.194422174          
2.62044589035          588.194422174          
3.1434455514          560.305693276          
3.1434455514          593.305693276          
3.1434455514          608.305693276          
3.66644524969          617.581666928          
3.66644524969          603.581666928          
4.1894449871          602.665804632          
4.1894449871          635.665804632          
4.71244476363          622.055635554          
4.71244476363          596.055635554          
5.23544458114          624.934330491          
5.23544458114          658.934330491          
5.75844443776          591.292397799          
5.75844443776          628.292397799          
6.28144433722          568.619292212          
6.28144433722          565.619292212          
6.8044442758          575.0          
6.8044442758          562.0          
7.32744425349          560.547274859          
7.32744425349          568.547274859          
7.8504442703          510.523740222          
7.8504442703          489.523740222          
8.37344432995          527.078391468          
8.37344432995          502.078391468          
8.89644442871          475.340600718          
8.89644442871          468.340600718          
8.89644442871          447.340600718          
9.41944456846          449.300992486          
9.41944456846          410.300992486          
9.94244474545          442.862475827          
9.94244474545          466.862475827          
10.4654449653          412.640007835          
10.4654449653          428.640007835          
10.9884452224          452.894839345          
10.9884452224          444.894839345          
11.5114455223          395.330731681          
11.5114455223          389.330731681          
12.0344458614          390.261739617          
12.0344458614          354.261739617          
12.5574462414          355.070395829          
12.5574462414          344.070395829          
13.0804466605          326.588542234          
13.0804466605          362.588542234          
13.6034471206          332.135793908          
13.6034471206          341.135793908          
14.126447618          297.868019483          
14.126447618          337.868019483          
14.6494481564          284.047937453          
14.6494481564          297.047937453          
14.6494481564          318.047937453          
15.1724487375          313.78058805          
15.1724487375          259.78058805          
15.6954493541          274.709432014          
15.6954493541          270.709432014          
16.2184500173          233.678195935          
16.2184500173          251.678195935          
16.7414507158          250.716240775          
16.7414507158          236.716240775          
17.2644514516          249.197430566          
17.2644514516          255.197430566          
17.7874522321          236.244292175          
17.7874522321          229.244292175          
18.3104530517          216.388598633          
18.3104530517          208.388598633          
18.833453916          216.54201188          
18.833453916          226.54201188          
19.3564548157          218.456350125          
19.3564548157          229.456350125          
19.8794557564          198.030596023          
19.8794557564          197.030596023          
19.8794557564          182.030596023          
20.4024567343          202.218184377          
20.4024567343          179.218184377          
20.9254577551          173.118866164          
20.9254577551          166.118866164          
21.448458815          176.047466327          
21.448458815          176.047466327          
21.9714599159          175.518946443          
21.9714599159          166.518946443          
22.4944610558          160.938373935          
22.4944610558          159.938373935          
23.0174622387          150.770813454          
23.0174622387          134.770813454          
23.5404634532          160.07986338          
23.5404634532          138.07986338          
24.0634647198          126.45814127          
24.0634647198          121.45814127          
24.5864660181          135.152945573          
24.5864660181          132.152945573          
25.1094673593          136.921421371          
25.1094673593          136.921421371          
25.6324687414          123.616815033          
25.6324687414          145.616815033          
25.6324687414          132.616815033          
26.1554701626          104.777363029          
26.1554701626          109.777363029          
26.6784716193          108.0          
26.6784716193          97.0          
27.2014731225          111.909575865          
27.2014731225          96.9095758648          
27.7244746629          109.720899559          
27.7244746629          105.720899559          
28.2474762462          96.4107965117          
28.2474762462          103.410796512          
28.7704778705          88.7517335413          
28.7704778705          94.7517335413          
29.2934795301          100.604704829          
29.2934795301          81.604704829          
29.8164812308          74.8993909833          
29.8164812308          70.8993909833          
30.3394829724          93.511152241          
30.3394829724          79.511152241          
30.8624847531          76.7205617772          
30.8624847531          59.7205617772          
31.385486573          73.9377221357          
31.385486573          74.9377221357          
31.385486573          68.9377221357          
31.9084884357          67.9300558095          
31.9084884357          64.9300558095          
32.4314903375          67.7310930895          
32.4314903375          64.7310930895          
32.9544922803          52.0726588085          
32.9544922803          55.0726588085          
33.4774942584          59.196248084          
33.4774942584          48.196248084          
34.0004962869          49.5717675895          
34.0004962869          53.5717675895          
34.523498347          48.8976612813          
34.523498347          52.8976612813          
35.04650045          53.5959872418          
35.04650045          49.5959872418          
35.5695025939          41.7510389788          
35.5695025939          51.7510389788          
36.0925047752          48.9060907476          
36.0925047752          52.9060907476          
36.6155069936          40.877715013          
36.6155069936          35.877715013          
37.1385092568          52.2161942936          
37.1385092568          44.2161942936          
37.1385092568          33.2161942936          
37.6615115628          48.3139208464          
37.6615115628          34.3139208464          
38.1845139023          49.9060061214          
38.1845139023          28.9060061214          
38.7075162902          36.0          
38.7075162902          36.0          
39.230518708          36.8778840375          
39.230518708          39.8778840375          
39.7535211723          44.2771678464          
39.7535211723          33.2771678464          
40.2765236758          35.783890123          
40.2765236758          28.783890123          
40.7995262202          28.174543371          
40.7995262202          39.174543371          
41.3225288019          32.0          
41.3225288019          25.0          
41.8455314264          27.1026244381          
41.8455314264          34.1026244381          
42.3685340863          27.5262137515          
42.3685340863          24.5262137515          
42.891536789          20.5068062417          
42.891536789          28.5068062417          
42.891536789          18.5068062417          
43.4145395346          27.0          
43.4145395346          23.0          
43.9375423174          19.8032978005          
43.9375423174          20.8032978005          
44.4605451412          26.9791749156          
44.4605451412          22.9791749156          
44.9835480079          16.0567009556          
44.9835480079          23.0567009556          
45.5065509081          25.0          
45.5065509081          19.0          
46.029553853          17.847012088          
46.029553853          16.847012088          
46.552556837          12.5785581469          
46.552556837          14.5785581469          
47.0755598582          21.6331948807          
47.0755598582          28.6331948807          
47.5985629279          14.9264543467          
47.5985629279          15.9264543467          
48.1215660293          12.3352855761          
48.1215660293          19.3352855761          
48.6445691716          10.9689619798          
48.6445691716          8.96896197984          
48.6445691716          16.9689619798          
49.1675723549          16.0          
49.1675723549          14.0          
49.6905755829          20.4108291745          
49.6905755829          15.4108291745          
50.2135788463          15.0251811984          
50.2135788463          13.0251811984          
50.7365821507          14.0523449275          
50.7365821507          9.05234492746          
51.259585496          11.3896131677          
51.259585496          12.3896131677          
51.7825888786          13.2073971818          
51.7825888786          13.2073971818          
52.3055923041          17.0          
52.3055923041          13.0          
52.8285957687          8.15428454939          
52.8285957687          4.15428454939          
53.3515992742          2.41716722326          
53.3515992742          11.4171672233          
53.8746028189          10.6603589529          
53.8746028189          9.66035895289          
54.3976064045          11.0          
54.3976064045          9.0          
54.3976064045          15.0          
54.9206100293          10.6308226255          
54.9206100293          10.6308226255          
55.4436136931          6.89293750504          
55.4436136931          5.89293750504          
55.9666173998          8.0          
55.9666173998          12.0          
56.4896211438          13.0          
56.4896211438          14.0          
57.0126249306          11.7489677259          
57.0126249306          16.7489677259          
57.5356287546          2.0          
57.5356287546          12.0          
58.0586326197          9.32733003621          
58.0586326197          5.32733003621          
58.5816365238          11.5009519746          
58.5816365238          6.50095197461          
59.1046404708          4.0          
59.1046404708          8.0          
59.6276444588          11.3439954925          
59.6276444588          10.3439954925          
60.150648484          13.2005922924          
60.150648484          7.20059229245          
60.150648484          5.20059229245          
60.6736525502          6.37788589539          
60.6736525502          5.37788589539          
61.1966566537          6.88858332439          
61.1966566537          9.88858332439          
61.7196608          8.0          
61.7196608          3.0          
62.2426649872          13.0436359343          
62.2426649872          3.04363593428          
62.7656692136          4.75767552443          
62.7656692136          12.7576755244          
63.288673481          9.65845428569          
63.288673481          5.65845428569          
63.8116777875          8.0          
63.8116777875          9.0          
64.3346821312          5.50340163642          
64.3346821312          4.50340163642          
64.8576865178          5.57412470674          
64.8576865178          6.57412470674          
65.3806909472          11.0          
65.3806909472          6.0          
65.3806909472          8.0          
65.903695412          6.45835485725          
65.903695412          4.45835485725          
66.4266999196          5.8067038051          
66.4266999196          2.8067038051          
66.9497044664          6.11576981509          
66.9497044664          9.11576981509          
67.4727090504          1.0          
67.4727090504          6.0          
67.9957136773          6.96071703898          
67.9957136773          2.96071703898          
68.5187183451          3.0          
68.5187183451          2.0          
69.041723052          1.67438582103          
69.041723052          1.67438582103          
69.5647278          0.414719340202          
69.5647278          2.4147193402          
70.0877325907          1.0          
70.0877325907          1.0          
70.610737415          5.86045558727          
70.610737415          5.86045558727          
71.1337422822          1.64729865618          
71.1337422822          4.64729865618          
71.1337422822          2.64729865618          
71.6567471903          3.72482511032          
71.6567471903          4.72482511032          
72.1797521356          4.19764843628          
72.1797521356          4.19764843628          
72.7027571257          3.87987805118          
72.7027571257          3.87987805118          
73.2257621549          3.0          
73.2257621549          3.0          
73.7487672195          2.17778815441          
73.7487672195          3.17778815441          
74.2717723269          1.51062929948          
74.2717723269          3.51062929948          
74.7947774753          1.66568229908          
74.7947774753          0.665682299077          
75.3177826647          3.17926466278          
75.3177826647          3.17926466278          
75.840787895          4.02421160054          
75.840787895          4.02421160054          
76.3637931626          2.69626217016          
76.3637931626          2.69626217016          
76.8867984693          0.0          
76.8867984693          2.0          
76.8867984693          2.0          
77.409803817          2.44094761298          
77.409803817          5.44094761298          
77.9328092057          1.20199963486          
77.9328092057          4.20199963486          
78.4558146317          0.875526915804          
78.4558146317          1.8755269158          
78.9788201023          3.0          
78.9788201023          5.0          
79.5018256102          0.0          
79.5018256102          1.0          
80.0248311553          2.0          
80.0248311553          1.0          
80.5478367489          0.0          
80.5478367489          2.0          
81.070842376          0.593982991447          
81.070842376          2.59398299145          
81.5938480478          0.483543628245          
81.5938480478          1.48354362824          
82.1168537531          0.0          
82.1168537531          1.0          
82.639859505          3.0          
82.639859505          1.0          
82.639859505          0.0          
83.1628652904          2.0          
83.1628652904          0.0          
83.6858711224          0.793650172374          
83.6858711224          1.79365017237          
84.2088769916          0.0          
84.2088769916          0.0          
84.7318828981          1.0          
84.7318828981          0.0          
85.2548888512          1.16908731327          
85.2548888512          1.16908731327          
85.7778948396          3.0          
85.7778948396          2.0          
86.3009008672          0.648281334434          
86.3009008672          0.648281334434          
86.8239069376          0.598332630705          
86.8239069376          1.5983326307          
87.3469130471          3.04161186019          
87.3469130471          2.04161186019          
87.8699191976          2.0          
87.8699191976          2.0          
88.3929253872          1.0          
88.3929253872          2.0          
88.3929253872          0.0          
88.9159316178          0.0          
88.9159316178          0.0          
89.4389378838          0.0678418806818          
89.4389378838          2.06784188068          
89.9619441964          0.0          
89.9619441964          1.0          
90.484950548          1.0          
90.484950548          2.0          
91.0079569388          0.0          
91.0079569388          0.0          
91.5309633706          0.0          
91.5309633706          0.0          
92.0539698396          2.0          
92.0539698396          0.0          
92.5769763477          3.0          
92.5769763477          0.0          
93.0999828987          0.0          
93.0999828987          1.0          
93.6229894888          0.0          
93.6229894888          1.0          
94.1459961198          0.0          
94.1459961198          0.0          
94.1459961198          0.0          
94.6690027919          0.0          
94.6690027919          2.0          
95.1920095012          1.0          
95.1920095012          0.0          
95.7150162514          0.0          
95.7150162514          0.0          
96.2380230464          0.0          
96.2380230464          1.0          
96.7610298768          1.0          
96.7610298768          0.0          
97.2840367462          0.0          
97.2840367462          0.0          
97.8070436586          0.0          
97.8070436586          0.0          
98.3300506081          1.0          
98.3300506081          0.0          
98.8530576006          0.0          
98.8530576006          0.0          
99.3760646302          0.0          
99.3760646302          1.0          
99.8990717009          1.0          
99.8990717009          0.0          
99.8990717009          1.0          
100.422078816          0.0          
100.422078816          1.0          
100.945085967          0.0          
100.945085967          2.0          
101.468093159          0.0          
101.468093159          1.0          
101.991100388          0.0          
101.991100388          1.0          
102.514107663          1.0          
102.514107663          0.0          
103.037114976          1.0          
103.037114976          1.0          
103.560122326          1.0          
103.560122326          0.0          
104.083129719          0.0          
104.083129719          0.0          
104.606137151          0.0          
104.606137151          0.0          
105.12914462          1.0          
105.12914462          0.0          
105.12914462          1.0          
105.652152132          1.0          
105.652152132          0.0          
106.175159687          0.0          
106.175159687          0.0          
106.698167281          0.0          
106.698167281          0.0          
107.221174913          1.0          
107.221174913          2.0          
107.744182585          0.0          
107.744182585          0.0          
108.267190298          0.0          
108.267190298          1.0          
108.79019805          0.0          
108.79019805          0.0          
109.313205842          1.0          
109.313205842          0.0          
109.836213674          0.0          
109.836213674          1.0          
110.359221548          0.0          
110.359221548          0.0          
110.882229466          0.0          
110.882229466          0.0          
110.882229466          1.0          
111.405237416          0.0          
111.405237416          0.0          
111.928245408          0.0          
111.928245408          0.0          
112.45125344          0.0          
112.45125344          0.0          
112.974261513          0.0          
112.974261513          0.0          
113.497269629          1.0          
113.497269629          0.0          
114.020277785          0.0          
114.020277785          0.0          
114.543285972          0.0          
114.543285972          1.0          
115.066294208          0.0          
115.066294208          0.0          
115.589302482          0.0          
115.589302482          0.0          
116.112310799          1.0          
116.112310799          1.0          
116.635319153          0.0          
116.635319153          0.0          
116.635319153          1.0          
117.158327546          0.0          
117.158327546          1.0          
117.681335978          0.0          
117.681335978          1.0          
118.204344453          0.0          
118.204344453          0.0          
118.727352966          1.0          
118.727352966          1.0          
119.250361521          0.0          
119.250361521          0.0          
119.773370115          0.0          
119.773370115          0.0          
120.296378752          0.0          
120.296378752          1.0          
120.819387421          0.0          
120.819387421          0.0          
121.342396138          0.0          
121.342396138          0.0          
121.865404896          0.0          
121.865404896          0.0          
122.38841369          0.0          
122.38841369          0.0          
122.38841369          1.0          
122.911422526          0.0          
122.911422526          0.0          
123.4344314          0.0          
123.4344314          0.0          
123.957440311          0.0          
123.957440311          0.0          
124.480449269          0.0          
124.480449269          0.0          
125.003458261          0.0          
125.003458261          1.0          
125.526467299          0.0          
125.526467299          1.0          
126.049476374          0.0          
126.049476374          1.0          
126.572485493          0.0          
126.572485493          0.0          
127.095494645          1.0          
127.095494645          0.0          
127.618503841          0.0          
127.618503841          0.0          
128.141513078          0.0          
128.141513078          0.0          
128.141513078          0.0          
128.66452235          0.0          
128.66452235          0.0          
129.187531667          1.0          
129.187531667          0.0          
129.710541023          0.0          
129.710541023          0.0          
130.233550414          0.0          
130.233550414          0.0          
130.756559853          0.0          
130.756559853          0.0          
131.27956933          0.0          
131.27956933          0.0          
131.802578848          1.0          
131.802578848          0.0          
132.325588403          0.0          
132.325588403          0.0          
132.848598          0.0          
132.848598          0.0          
133.371607635          0.0          
133.371607635          0.0          
133.894617312          0.0          
133.894617312          0.0          
133.894617312          0.0          
134.417627025          0.0          
134.417627025          0.0          
134.940636786          0.0          
134.940636786          1.0          
135.463646583          0.0          
135.463646583          0.0          
135.986656414          0.0          
135.986656414          0.0          
136.509666292          0.0          
136.509666292          0.0          
137.032676212          0.0          
137.032676212          0.0          
137.55568617          0.0          
137.55568617          0.0          
138.078696165          0.0          
138.078696165          1.0          
138.601706205          1.0          
138.601706205          2.0          
139.12471628          0.0          
139.12471628          1.0          
139.647726398          0.0          
139.647726398          0.0          
139.647726398          0.0          
140.170736553          0.0          
140.170736553          0.0          
140.693746751          0.0          
140.693746751          1.0          
141.216756988          0.0          
141.216756988          0.0          
141.739767268          0.0          
141.739767268          0.0          
142.262777586          1.0          
142.262777586          0.0          
142.785787944          0.0          
142.785787944          0.0          
143.308798339          1.0          
143.308798339          0.0          
143.831808778          0.0          
143.831808778          0.0          
144.354819255          1.0          
144.354819255          0.0          
144.877829773          0.0          
144.877829773          0.0          
145.400840331          0.0          
145.400840331          0.0          
145.400840331          0.0          
145.923850928          1.0          
145.923850928          0.0          
146.446861565          0.0          
146.446861565          1.0          
146.969872246          0.0          
146.969872246          0.0          
147.492882967          0.0          
147.492882967          0.0          
148.015893722          0.0          
148.015893722          0.0          
148.538904522          0.0          
148.538904522          1.0          
149.061915359          0.0          
149.061915359          0.0          
149.584926238          1.0          
149.584926238          0.0          
150.107937155          0.0          
150.107937155          0.0          
150.630948115          0.0          
150.630948115          0.0          
150.630948115          0.0          
151.153959116          0.0          
151.153959116          0.0          
151.676970156          0.0          
151.676970156          0.0          
152.199981229          1.0          
152.199981229          0.0          
152.722992351          0.0          
152.722992351          0.0          
153.246003514          0.0          
153.246003514          0.0          
153.769014711          0.0          
153.769014711          0.0          
154.29202595          0.0          
154.29202595          0.0          
154.81503723          0.0          
154.81503723          0.0          
155.338048548          0.0          
155.338048548          0.0          
155.86105991          0.0          
155.86105991          0.0          
156.384071307          0.0          
156.384071307          0.0          
156.384071307          0.0          
156.90708275          0.0          
156.90708275          0.0          
157.430094229          0.0          
157.430094229          0.0          
157.953105748          1.0          
157.953105748          0.0          
158.476117307          1.0          
158.476117307          0.0          
158.999128904          1.0          
158.999128904          0.0          
159.522140548          0.0          
159.522140548          0.0          
160.045152226          0.0          
160.045152226          0.0          
160.568163948          0.0          
160.568163948          0.0          
161.091175709          0.0          
161.091175709          0.0          
161.614187507          0.0          
161.614187507          0.0          
162.137199346          0.0          
162.137199346          1.0          
162.137199346          0.0          
162.66021123          0.0          
162.66021123          0.0          
163.183223149          0.0          
163.183223149          0.0          
163.706235111          0.0          
163.706235111          0.0          
164.229247114          0.0          
164.229247114          0.0          
164.752259152          0.0          
164.752259152          0.0          
165.275271231          0.0          
165.275271231          0.0          
165.798283353          0.0          
165.798283353          0.0          
166.321295515          0.0          
166.321295515          0.0          
166.844307715          1.0          
166.844307715          0.0          
167.367319958          0.0          
167.367319958          0.0          
167.890332239          0.0          
167.890332239          0.0          
167.890332239          0.0          
168.413344558          0.0          
168.413344558          0.0          
168.936356921          1.0          
168.936356921          0.0          
169.459369324          0.0          
169.459369324          0.0          
169.982381765          0.0          
169.982381765          0.0          
170.505394245          0.0          
170.505394245          0.0          
171.028406767          0.0          
171.028406767          0.0          
171.551419327          0.0          
171.551419327          0.0          
172.074431932          0.0          
172.074431932          0.0          
172.597444573          0.0          
172.597444573          0.0          
173.120457258          0.0          
173.120457258          0.0          
173.64346998          0.0          
173.64346998          0.0          
173.64346998          0.0          
174.166482739          0.0          
174.166482739          0.0          
174.689495543          0.0          
174.689495543          0.0          
175.212508384          0.0          
175.212508384          0.0          
175.735521268          1.0          
175.735521268          0.0          
176.258534191          0.0          
176.258534191          1.0          
176.781547153          0.0          
176.781547153          0.0          
177.304560153          1.0          
177.304560153          0.0          
177.827573195          0.0          
177.827573195          1.0          
178.350586282          0.0          
178.350586282          0.0          
178.873599404          0.0          
178.873599404          0.0          
179.39661257          0.0          
179.39661257          0.0          
