#Files Included:
#3idb_0031-LaFeSi.mda
#scan_0009.mda
#Energy= Column: 1
#Signal= Column: 2
-83.49646255          0.0          
-83.2447236665          0.0          
-82.9929847717          0.0          
-82.7412458695          0.0          
-82.4895069599          0.0          
-82.237768041          0.0          
-81.9860291127          1.0          
-81.7342901751          0.0          
-81.4825512283          0.0          
-81.2308122758          0.0          
-80.9790733121          0.0          
-80.727334341          0.0          
-80.4755953588          0.0          
-80.223856369          0.0          
-79.9721173719          1.0          
-79.7563410792          0.0          
-79.5046020653          0.0          
-79.2528630421          0.0          
-79.0011240076          0.0          
-78.7493849676          0.0          
-78.4976459164          0.0          
-78.2459068596          0.0          
-77.9941677917          0.0          
-77.7424287163          0.0          
-77.4906896316          0.0          
-77.2389505375          0.0          
-76.987211436          0.0          
-76.7354723234          0.0          
-76.4837332014          1.0          
-76.2319940738          0.475118526646          
-75.9802549351          0.446270535413          
-75.7285157889          0.0          
-75.4767766334          0.0          
-75.2250374686          1.0          
-74.9732982945          0.0          
-74.7215591129          1.0          
-74.5057826638          1.47173605804          
-74.2540434655          0.528757218502          
-74.0023042597          1.0          
-73.7505650446          1.0          
-73.4988258202          0.0          
-73.2470865864          0.0          
-72.9953473452          0.0          
-72.7436080948          0.0          
-72.4918688349          0.0          
-72.240129564          0.0          
-71.9883902874          0.0          
-71.7366510015          0.0          
-71.4849117063          0.0          
-71.2331724036          0.542877344525          
-70.9814330917          1.0          
-70.7296937704          0.392805985868          
-70.4779544417          1.0          
-70.2262151018          0.0          
-69.9744757526          0.605714195236          
-69.7227363959          0.394779084538          
-69.4709970318          0.0          
-69.2552204262          1.0          
-69.0034810435          0.0          
-68.7517416533          0.0          
-68.5000022557          1.0          
-68.2482628468          0.0          
-67.9965234306          0.0          
-67.7447840031          0.0          
-67.4930445701          0.457994729899          
-67.2413051259          0.542498545334          
-66.9895656742          0.0          
-66.7378262132          0.0          
-66.4860867448          0.532025225476          
-66.2343472671          0.401614519561          
-65.9826077782          0.0          
-65.7308682818          0.597398935215          
-65.479128778          0.403094347002          
-65.227389263          0.0          
-64.9756497424          1.0          
-64.7239102107          0.0          
-64.4721706714          0.0          
-64.256393915          0.0          
-64.0046543591          0.0          
-63.7529147957          1.0          
-63.5011752211          0.0          
-63.249435639          0.0          
-62.9976960476          0.0          
-62.745956447          0.0          
-62.494216837          0.0          
-62.2424772196          1.0          
-61.9907375928          0.0          
-61.7389979586          0.0          
-61.4872583132          0.520597618593          
-61.2355186585          0.41140960106          
-60.9837789983          1.0          
-60.7320393268          0.0          
-60.4802996479          0.0          
-60.2285599615          1.0          
-59.976820264          0.0          
-59.725080559          0.0          
-59.4733408429          0.0          
-59.2216011193          0.0          
-59.0058242083          0.0          
-58.754084466          0.0          
-58.5023447201          0.880755311128          
-58.2506049611          1.12023122051          
-57.9988651965          0.0          
-57.7471254207          0.438897827757          
-57.4953856375          1.56159545364          
-57.2436458468          0.0          
-56.991906045          0.0          
-56.7401662339          0.0          
-56.4884264152          0.0          
-56.2366865873          0.0          
-55.9849467501          1.0          
-55.7332069054          2.0          
-55.4814670514          0.0          
-55.22972719          0.0          
-54.9779873192          1.0          
-54.7262474392          0.0          
-54.4745075479          0.575342357861          
-54.2227676492          1.0          
-53.9710277449          0.425644206247          
-53.7552506737          0.0          
-53.5035107508          0.430582565431          
-53.2517708186          0.569910708035          
-53.0000308789          0.0          
-52.7482909299          0.0          
-52.4965509698          0.0          
-52.244811004          2.42811617833          
-51.9930710271          1.0          
-51.7413310427          1.43001323805          
-51.489591049          1.0          
-51.2378510479          0.0          
-50.9861110374          0.0          
-50.7343710158          0.568013655459          
-50.4826309886          0.43247963028          
-50.2308909521          0.0          
-49.9791509062          0.566533806751          
-49.7274108492          1.43395946212          
-49.4756707847          0.0          
-49.2239307128          0.565053985721          
-48.9721906334          0.435439303001          
-48.7204505429          1.0          
-48.5046733152          0.420787469988          
-48.2529332079          0.579705805954          
-48.0011930931          0.0          
-47.7494529691          1.0          
-47.4977128357          1.0          
-47.2459726948          1.0          
-46.9942325447          1.0          
-46.7424923852          0.0          
-46.4907522164          0.0          
-46.2390120383          0.559205118701          
-45.9872718547          0.441288166341          
-45.7355316598          1.55821855692          
-45.4837914556          0.442274716525          
-45.232051244          0.0          
-44.9803110231          0.0          
-44.7285707928          1.5562454453          
-44.4768305551          2.0          
-44.22509031          1.0          
-43.9733500518          0.445234385182          
-43.721609788          1.0          
-43.5058324113          0.410992377728          
-43.2540921289          2.0          
-43.002351841          0.589994181428          
-42.7506115418          0.0          
-42.4988712315          1.40901927567          
-42.2471309174          2.0          
-41.9953905921          3.0          
-41.7436502595          0.449603425974          
-41.4919099156          1.0          
-41.2401695643          3.19764009989          
-40.9884292055          1.80433305341          
-40.7366888355          0.0          
-40.4849484563          1.54793019186          
-40.2332080696          1.54743691177          
-39.9814676754          0.906112751379          
-39.7297272719          0.546450344975          
-39.4779868573          2.45404292427          
-39.2262464371          0.54546379242          
-38.9745060038          3.0          
-38.7227655668          2.54447723598          
-38.4710251167          3.0          
-38.2552475818          2.19859196831          
-38.0035071168          0.400210736912          
-37.7517666463          1.60028255234          
-37.5000261627          0.0          
-37.2482856736          0.541588037035          
-36.9965451732          1.54109476079          
-36.7448046654          2.0          
-36.4930641484          1.91978360357          
-36.2413236219          3.23768953605          
-35.9895830862          6.84351339772          
-35.7378425431          1.46137163288          
-35.4861019906          0.461864911736          
-35.2343614288          1.53764181626          
-34.9826208577          4.53714854033          
-34.7308802791          3.53665525759          
-34.4791396912          2.3915140532          
-34.2273990978          1.60700607497          
-33.9756584931          1.39447377298          
-33.7239178754          3.13872859429          
-33.472177254          3.39743340357          
-33.2563995719          4.78181781138          
-33.00465893          2.60958436071          
-32.7529182825          2.45490941895          
-32.5011776257          3.46771377542          
-32.2494369596          3.06358589814          
-31.9976962861          2.40610099999          
-31.7459556032          4.59241916331          
-31.494214911          6.53031311283          
-31.2424742114          7.94036034768          
-30.9907335006          3.41202034484          
-30.7389927823          4.11533312142          
-30.4872520547          4.41497998465          
-30.2355113216          3.11138686217          
-29.9837705754          8.89058623845          
-29.7320298217          8.10744064868          
-29.4802890588          4.42089933873          
-29.2285482865          3.0          
-28.9768075068          3.0          
-28.7250667196          6.0          
-28.4733259231          7.04878753996          
-28.2215851154          10.0          
-28.005807275          5.38062054049          
-27.7540664524          9.77392724198          
-27.5023256224          11.9550177452          
-27.2505847812          5.86801288194          
-26.9988439325          5.6075228546          
-26.7471030764          8.95797742871          
-26.4953622073          5.47948198158          
-26.2436213326          10.6401731573          
-25.9918804485          11.4023427067          
-25.7401395552          10.0761527224          
-25.4883986525          9.37018562818          
-25.2366577405          9.0361032788          
-24.984916823          4.51755835432          
-24.7331758942          10.0682603046          
-24.4814349581          11.0          
-24.2296940126          13.5160785171          
-23.9779530596          11.453244305          
-23.7262120955          9.96981609936          
-23.4744711239          10.0          
-23.2227301411          10.0          
-22.9709891509          10.0          
-22.755211154          12.0527572576          
-22.503470147          18.9746079116          
-22.2517291326          13.4877972409          
-21.9999881089          10.0234189562          
-21.7482470758          16.4663513873          
-21.4965060353          13.0857833852          
-21.2447649874          17.9795407158          
-20.9930239283          17.4902636354          
-20.7412828598          15.0184861672          
-20.4895417839          12.473750592          
-20.2378006987          16.5247695874          
-19.9860596023          17.9844734817          
-19.7343185004          13.4927300216          
-19.482577391          13.9864466125          
-19.2308362704          11.0125668334          
-18.9790951405          17.494209853          
-18.7273540031          19.0423749296          
-18.4756128546          20.4759820541          
-18.2238717005          19.5883620252          
-17.9721305352          13.4133032916          
-17.7563523874          19.5169711086          
-17.5046112072          17.5145047058          
-17.2528700177          28.497592332          
-17.0011288207          21.9961712325          
-16.7493876126          20.0085266643          
-16.497646397          22.9907216977          
-16.2459051739          21.0026072546          
-15.9941639397          25.4998238195          
-15.7424226962          26.5049679981          
-15.4906814452          19.4905924791          
-15.2389401849          21.0184626801          
-14.9871989172          20.5020318369          
-14.7354576401          23.0          
-14.4837163538          22.4909448191          
-14.23197506          23.5035116737          
-13.980233755          19.9759703213          
-13.7284924444          26.5314876115          
-13.4767511208          32.0          
-13.2250097916          31.9121170579          
-12.9732684512          29.273758161          
-12.7215271033          30.4544567744          
-12.5057487991          29.9724233923          
-12.2540074345          35.5073874282          
-12.0022660624          35.5236421238          
-11.7505246811          47.3576422078          
-11.4987832904          46.6684780127          
-11.2470418904          48.4157551088          
-10.995300483          53.5886844102          
-10.7435590662          43.4896529045          
-10.4918176401          56.4457981248          
-10.2400762066          43.9773326831          
-9.9883347638          33.6064424088          
-9.73659331165          33.9753595798          
-9.4848518502          29.9487460565          
-9.23311038129          28.0          
-8.98136890121          41.5414001233          
-8.72962741554          32.3713600827          
-8.47788592055          31.0374239487          
-8.2261444144          36.0206180927          
-7.97440290079          35.3562441315          
-7.72266137972          34.0127256367          
-7.47091984749          34.8782922937          
-7.2551413849          33.0343650506          
-7.00339983776          38.0          
-6.75165828317          31.0          
-6.49991671741          31.5186623626          
-6.24817514047          30.0          
-5.99643355981          32.9214043318          
-5.74469196796          33.6812797332          
-5.49295036867          45.3555517256          
-5.24120875821          33.6479011984          
-4.98946714029          21.6081101273          
-4.73772551678          21.4778846846          
-4.48598387837          32.7739142051          
-4.23424223438          38.5693055741          
-3.98250058107          49.6696680835          
-3.73075892031          49.0029283774          
-3.47901725024          42.053796478          
-3.22727556899          45.9422573538          
-2.97553388216          59.5308444619          
-2.72379218414          38.2335912271          
-2.47205047868          60.3260468178          
-2.25627186522          74.6888432377          
-2.00453014486          70.1978201947          
-1.75278841332          97.5838925087          
-1.50104667433          113.447074276          
-1.24930492602          194.320857655          
-0.997563168406          309.879483237          
-0.745821401477          594.925868255          
-0.494079628959          1031.72288632          
-0.242337845266          1489.01604271          
0.00940394774079          1702.96056106          
0.261145750061          1525.61580695          
0.512887559831          989.073029671          
0.764629378915          576.171536438          
1.01637120731          250.615425246          
1.26811304316          145.032080933          
1.51985488832          97.8303928419          
1.77159674279          80.0          
2.02333860658          56.8875929474          
2.27508047596          58.3929994849          
2.52682235651          57.2130144747          
2.77856424637          53.1218184494          
2.9943430163          38.925468034          
3.24608492106          42.4622407391          
3.49782683514          39.4617474583          
3.74956875667          40.6937291548          
4.00131068937          46.0784782165          
4.25305263139          45.0          
4.50479458086          34.9195486871          
4.75653653964          45.1335296283          
5.00827850774          42.8709098352          
5.26002048142          39.7497670457          
5.51176246628          45.0843975401          
5.76350446045          46.0853840873          
6.01524646208          41.4011486303          
6.26698847115          34.5991785322          
6.51873049326          54.585537869          
6.77047252283          55.4198881487          
7.02221455984          42.4138077799          
7.27395660616          45.5832325566          
7.52569865994          55.1934242949          
7.77744072489          49.2113433846          
8.0291827973          46.1914511805          
8.24496172369          44.7377718024          
8.49670381285          42.0          
8.74844590947          34.0          
9.0001880154          50.7451709909          
9.25193013065          36.6485824483          
9.50367225707          44.9497717589          
9.75541438907          47.9546262601          
10.0071565323          52.3469780821          
10.258898681          47.7575029356          
10.5106408391          57.0320551997          
10.7623830084          57.4779016644          
11.0141251869          66.410123265          
11.2658673711          53.8212331036          
11.5176095665          68.3555606856          
11.7693517692          53.353587556          
12.0210939813          64.5274216738          
12.2728362028          50.1888450048          
12.5245784316          57.8261659021          
12.7763206698          47.8271524492          
13.0280629173          48.5859304962          
13.2438419927          51.3279516164          
13.4955842569          52.326471789          
13.7473265287          41.2333440709          
13.9990688115          46.2058535861          
14.2508111          42.5254194731          
14.5025533997          42.5981584564          
14.7542957067          31.1984543524          
15.0060380232          35.1216048055          
15.2577803489          33.0709302813          
15.5095226821          44.0224924316          
15.7612650245          43.644599235          
16.0130073763          43.6796734923          
16.2647497375          43.4204116462          
16.5164921079          44.4209049205          
16.7682344839          39.6353802917          
17.0199768711          33.2029766676          
17.2717192657          39.8880761854          
17.5234616734          30.6516583135          
17.7752040848          35.1896581821          
18.0269465074          36.423864586          
18.2786889356          33.5461472488          
18.4944681711          21.4058269206          
18.7462106161          34.1593444666          
18.9979530722          35.0          
19.2496955376          29.5691176543          
19.5014380105          36.2911671902          
19.7531804927          35.4298957801          
20.0049229823          33.5647800246          
20.2566654831          30.0015763899          
20.5084079932          32.7138192932          
20.760150509          36.2831192542          
21.0118930358          40.1405730736          
21.2636355702          40.4416539784          
21.5153781138          36.7078999311          
21.7671206668          33.1559665031          
22.0188632272          27.0          
22.2706057969          33.2965395806          
22.522348376          33.5673268633          
22.7740909662          39.5346687198          
23.025833562          39.0          
23.2775761671          28.9073766574          
23.5293187797          33.6960612503          
23.7450981718          25.0454833847          
23.9968408011          30.5294831238          
24.2485834397          19.4734765723          
24.5003260877          24.9441577388          
24.7520687468          27.2603020881          
25.0038114134          23.4823554935          
25.2555540856          24.0220670195          
25.5072967689          16.6311319947          
25.7590394616          23.048862494          
26.0107821617          30.4395085619          
26.2625248712          23.200009185          
26.5142675899          15.5595048861          
26.766010318          15.4409883889          
27.0177530535          22.1170366621          
27.2694957983          22.4419749481          
27.5212385524          20.3451906812          
27.772981314          21.9866535346          
28.0247240849          21.7916329938          
28.2764668651          20.8834286807          
28.5282096528          15.8888826817          
28.7439891938          20.587721289          
28.9957319982          17.7646437131          
29.247474812          15.4677529076          
29.499217635          14.5352067584          
29.7509604655          14.4103055916          
30.0027033072          11.5218856286          
30.2544461563          16.7608808959          
30.5061890129          12.7932683982          
30.7579318807          15.4488103716          
31.0096747559          10.6520890369          
31.2614176404          15.0          
31.5131605342          14.0          
31.7649034355          14.098433033          
32.0166463461          12.1589373341          
32.268389266          5.90354007436          
32.5201321933          10.2864200818          
32.77187513          15.5472434019          
33.023618076          10.266249366          
33.2753610313          12.8237979342          
33.527103994          10.7254186038          
33.7788469661          8.09054058217          
33.9946266636          10.5980096596          
34.2463696543          11.1970058584          
34.4981126506          9.80200757288          
34.7498556562          9.46726225363          
35.0015986711          12.0          
35.2533416934          11.6271432604          
35.505084727          10.2905609364          
35.7568277679          10.0827890681          
36.0085708164          9.37729625415          
36.260313876          10.1616318801          
36.5120569449          7.30042651975          
36.7638000213          7.0          
37.0155431051          7.38321558112          
37.2672862001          6.61530460745          
37.5190293025          7.61382476031          
37.7707724143          7.46255169446          
38.0225155372          6.85217984565          
38.2742586639          4.46353825052          
38.5260018036          3.07193695833          
38.7777449507          10.6773760048          
39.0294881035          8.86007235009          
39.2452679612          8.39170197436          
39.4970111307          5.43516525516          
39.7487543114          3.36750393497          
40.0004975013          4.93384144935          
40.2522406988          2.0          
40.5039839055          5.0          
40.7557271235          3.53159944246          
41.0074703488          7.40668148264          
41.2592135798          5.65306441656          
41.5109568238          4.4096411703          
41.7627000734          2.47037367524          
42.0144433323          1.52913304401          
42.2661866024          4.94272046034          
42.5179298799          4.58443947913          
42.7696731649          4.9446935847          
43.0214164611          5.05431986183          
43.2731597647          6.0          
43.5249030776          5.0          
43.7766463999          6.52568010667          
44.0283897296          4.94962634921          
44.2441697344          2.0          
44.4959130809          3.55501747333          
44.7476564366          1.47622253884          
44.9993997999          2.0465683601          
45.2511431724          4.0          
45.5028865561          3.95540473249          
45.7546299454          2.0          
46.006373344          0.521311061538          
46.2581167519          2.0          
46.5098601691          3.52032451134          
46.7616035938          0.960337537765          
47.0133470297          3.03867591549          
47.265090473          3.51884467758          
47.5168339256          2.96329719854          
47.7685773857          1.0          
48.0203208569          1.48263514875          
48.2720643338          2.0337431271          
48.5238078199          1.96724343294          
48.7755513173          0.515885010453          
49.027294822          1.0          
49.2790383343          2.0          
49.4948184974          0.485524356115          
49.7465620264          0.513982360409          
49.9983055647          0.486510919854          
50.2500491142          1.51299581151          
50.5017926693          1.0          
50.7535362355          1.0          
51.0052798092          2.0          
51.2570233922          1.0          
51.5087669846          2.0          
51.7605105843          1.0          
52.0122541934          2.0          
52.2639978118          1.49095041263          
52.5157414377          1.01711260806          
52.7674850728          1.98387395128          
53.0192287173          0.507569744728          
53.2709723692          1.0          
53.5227160323          0.493416807034          
53.7744597029          0.506089913533          
54.0262033828          3.0          
54.2779470701          2.0          
54.4937273841          0.495319443667          
54.7454710864          1.0          
54.9972147997          0.503693993917          
55.2489585243          1.0          
55.5007022526          2.0          
55.7524459939          0.497785840258          
56.0041897409          0.0          
56.2559334971          0.0          
56.5076772645          0.500734318533          
56.7594210412          1.0          
57.0111648235          0.500252232245          
57.262908617          0.0          
57.514652418          0.498761217113          
57.7663962264          1.0          
58.0181400459          1.0          
58.2698838729          1.0          
58.5216277093          0.503211905969          
58.7733715568          2.49629482266          
59.0251154117          0.421564863414          
59.2768592741          0.0          
59.5286031459          0.0          
59.7443836126          1.0          
59.9961275011          0.493898898921          
60.2478713989          0.506594375949          
60.4996153042          0.0          
60.7513592206          2.49241907058          
61.0031031445          1.50807420429          
61.2548470739          0.0          
61.5065910164          0.0          
61.7583349645          0.0          
62.0100789238          0.0          
62.2618228886          0.0          
62.5135668665          1.0          
62.76531085          1.0          
63.0170548446          0.0          
63.2687988468          0.0          
63.5205428582          0.0          
63.772286877          0.0          
64.0240309052          0.0          
64.2757749427          0.0          
64.5275189895          0.627877037932          
64.7792630438          1.0          
64.9950436708          1.0          
65.2467877418          0.51638947134          
65.4985318221          0.483117246966          
65.7502759099          0.517376034699          
66.0020200089          0.482130691325          
66.2537641171          2.51836258288          
66.505508231          0.0          
66.757252356          0.0          
67.0089964885          1.0          
67.2607406303          1.0          
67.5124847814          0.0          
67.7642289419          0.0          
68.0159731098          0.478184473434          
68.2677172851          0.522308811446          
68.5194614716          0.0          
68.7712056655          0.0          
69.0229498707          0.0          
69.2746940814          0.0          
69.5264383033          0.0          
69.7781825345          0.0          
69.9939633068          0.0          
70.2457075529          0.0          
70.4974518083          0.0          
70.749196073          0.0          
71.0009403452          0.472335600298          
71.2526846267          1.0          
71.5044289175          1.52865095031          
71.7561732158          0.470855769215          
72.0079175234          0.529637511657          
72.2596618384          0.0          
72.5114061628          0.469375923216          
72.7631505001          0.531117342314          
73.0148948412          1.0          
73.2666391935          1.54587878028          
73.5183835533          1.38974004083          
73.7701279242          0.0          
74.0218723007          0.0          
74.2736166883          0.0          
74.5253610853          0.0          
74.7771054879          0.0          
75.0288499016          0.607300296023          
75.2446308341          0.535979654811          
75.4963752646          0.0          
75.7481197007          0.0          
75.999864148          0.462540500559          
76.2516086046          0.537952768409          
76.5033530686          0.0          
76.6389707811          0.0          
76.8908395004          0.0          
77.1427082289          1.0          
77.3945769668          0.0          
77.6464457121          0.0          
77.8983144667          0.0          
78.1501832325          0.0          
78.3660707492          0.0          
78.6179395299          0.0          
78.8698083181          0.0          
79.1216771156          0.0          
79.3735459223          0.0          
79.6254147366          0.0          
79.8772835601          0.0          
80.1291523948          0.0          
