#Files Included:
#scan_0008.mda
#scan_0008.mda
#scan_0067.mda
#Energy= Column: 1
#Signal= Column: 2
-80.876919793          0.0          
-80.6251809094          0.0          
-80.3734420147          0.0          
-80.1217031125          0.0          
-79.8699642029          0.0          
-79.6182252839          0.0          
-79.3664863557          2.0          
-79.1147474181          2.0          
-78.8630084712          0.0          
-78.6112695187          2.0          
-78.3595305551          0.0          
-78.107791584          2.0          
-77.8560526017          2.0          
-77.604313612          2.0          
-77.3525746148          0.0          
-77.1367983222          0.0          
-76.8850593083          0.0          
-76.633320285          0.0          
-76.3815812506          0.0          
-76.1298422106          2.0          
-75.8781031594          2.0          
-75.6263641026          0.0          
-75.3746250346          0.0          
-75.1228859592          0.0          
-74.8711468745          0.0          
-74.6194077805          0.0          
-74.367668679          0.0          
-74.1159295663          2.0          
-73.8641904444          0.0          
-73.6124513168          0.0          
-73.3607121781          0.0          
-73.1089730319          0.0          
-72.8572338764          0.0          
-72.6054947115          0.0          
-72.3537555374          0.0          
-72.1020163558          0.0          
-71.8862399068          0.0          
-71.6345007084          0.0          
-71.3827615026          0.0          
-71.1310222875          0.0          
-70.8792830631          0.0          
-70.6275438294          0.0          
-70.292189505          0.0          
-70.0404504091          2.0          
-69.7887113038          1.0          
-69.5369721893          0.0          
-69.2852330655          0.0          
-69.0334939323          0.0          
-68.7817547917          3.0          
-68.5300156418          3.0          
-68.2782764845          4.0          
-68.0265373159          0.0          
-67.7747981399          0.0          
-67.5230589546          1.0          
-67.2713197619          2.0          
-67.0195805598          2.0          
-66.7678413484          0.0          
-66.5161021277          0.0          
-66.2643628996          0.0          
-66.0126236621          0.0          
-65.7968471646          1.0          
-65.5451079104          1.0          
-65.2933686487          1.0          
-65.0416293759          0.0          
-64.7898900956          2.0          
-64.538150806          3.0          
-64.2864115089          0.0          
-64.0346722025          0.0          
-63.7829328887          2.0          
-63.5311935619          2.0          
-63.2794542294          2.0          
-63.0277148876          0.0          
-62.7759755366          0.0          
-62.524236178          1.0          
-62.2724968102          0.0          
-62.0207574312          3.0          
-61.7690180447          0.0          
-61.5172786508          0.0          
-61.2655392494          0.0          
-61.013799835          0.0          
-60.762060415          1.0          
-60.5462837592          0.0          
-60.2945443243          0.0          
-60.0428048763          0.0          
-59.7910654228          0.0          
-59.53932596          0.0          
-59.2875864878          0.0          
-59.0358470045          0.0          
-58.7841075137          2.0          
-58.5323680155          0.0          
-58.280628508          1.0          
-58.028888993          2.0          
-57.7771494668          0.0          
-57.5254099313          0.0          
-57.2736703884          1.0          
-57.0219308361          2.0          
-56.7701912783          0.0          
-56.5184517074          0.0          
-56.2667121291          0.0          
-56.0149725415          0.0          
-55.7632329464          0.0          
-55.5474561434          5.0          
-55.2957165316          0.0          
-55.0439769123          0.0          
-54.7922372818          0.0          
-54.540497642          0.0          
-54.2887579948          0.0          
-54.0370183401          1.0          
-53.7852786742          0.0          
-53.5335390009          0.0          
-53.2817993201          2.0          
-53.0300596263          0.0          
-52.7783199269          5.0          
-52.5265802182          0.0          
-52.2748405021          4.0          
-52.0231007747          2.0          
-51.77136104          2.0          
-51.5196212959          0.0          
-51.2678815424          2.0          
-51.0161417816          1.0          
-50.7644020095          0.0          
-50.5126622319          0.0          
-50.2968852706          1.0          
-50.0451454762          2.0          
-49.7934056725          0.0          
-49.5416658595          2.0          
-49.2899260372          2.0          
-49.0381862056          0.0          
-48.7864463665          2.0          
-48.5347065181          1.0          
-48.2829666622          2.0          
-48.0312267952          1.0          
-47.7794869207          0.0          
-47.5277470369          0.0          
-47.2760071456          3.0          
-47.0242672432          0.0          
-46.7725273352          4.0          
-46.520787416          3.0          
-46.2690474894          2.0          
-46.0173075534          4.0          
-45.7655676063          1.0          
-45.5138276536          3.0          
-45.2620876916          1.0          
-45.0463105738          1.0          
-44.794570595          2.0          
-44.5428306069          1.0          
-44.2910906114          2.0          
-44.0393506065          0.0          
-43.7876105923          1.0          
-43.5358705688          2.0          
-43.284130536          1.0          
-43.0323904958          4.0          
-42.7806504481          2.0          
-42.5289103892          2.0          
-42.2771703247          1.0          
-42.0254302453          4.0          
-41.7736901622          2.0          
-41.5219500698          5.0          
-41.2702099662          8.0          
-41.0184698571          0.0          
-40.7667297367          4.0          
-40.514989607          2.0          
-40.2632494718          4.0          
-40.0474722032          4.0          
-39.7957320511          0.0          
-39.5439918879          3.0          
-39.2922517173          2.0          
-39.0405115355          0.0          
-38.7887713481          0.0          
-38.5370311514          3.0          
-38.2852909453          2.0          
-38.03355073          1.0          
-37.7818105053          4.0          
-37.5300702713          3.0          
-37.2783300318          4.0          
-37.026589781          0.0          
-36.7748495229          1.0          
-36.5231092554          1.0          
-36.2713689804          1.0          
-36.0196286924          0.0          
-35.767888397          5.0          
-35.516148096          4.0          
-35.2644077837          5.0          
-35.0126674641          3.0          
-34.796890039          5.0          
-34.5451497007          7.0          
-34.293409355          5.0          
-34.0416690018          5.0          
-33.7899286393          2.0          
-33.5381882675          4.0          
-33.2864478845          3.0          
-33.0347074941          6.0          
-32.7829670981          3.0          
-32.531226689          4.0          
-32.2794862743          2.0          
-32.0277458504          5.0          
-31.7760054134          7.0          
-31.5242649727          9.0          
-31.2725245208          4.0          
-31.0207840614          16.0          
-30.7690435927          11.0          
-30.5173031148          3.0          
-30.2655626275          7.0          
-30.0138221327          7.0          
-29.7620816287          9.0          
-29.5463040471          6.0          
-29.2945635282          9.0          
-29.0428229999          2.0          
-28.7910824604          2.0          
-28.5393419135          1.0          
-28.2876013573          13.0          
-28.0358607937          6.0          
-27.7841202207          6.0          
-27.5323796384          11.0          
-27.2806390468          1.0          
-27.0288984478          5.0          
-26.7771578394          9.0          
-26.5254172236          16.0          
-26.2736765947          7.0          
-26.0219359621          4.0          
-25.7701953184          18.0          
-25.5184546653          4.0          
-25.2667140048          2.0          
-25.014973335          9.0          
-24.7632326558          5.0          
-24.5474549253          23.0          
-24.2957142312          15.0          
-24.043973526          17.0          
-23.7922328133          13.0          
-23.5404920913          11.0          
-23.2887513619          13.0          
-23.0370106231          24.0          
-22.7852698769          17.0          
-22.5335291196          11.0          
-22.2817883547          22.0          
-22.0300475787          25.0          
-21.7783067971          13.0          
-21.5265660044          10.0          
-21.274825206          14.0          
-21.0230843965          26.0          
-20.7713435777          16.0          
-20.5196027495          16.0          
-20.2678619139          13.0          
-20.0161210708          24.0          
-19.7643802166          9.0          
-19.5126393568          22.0          
-19.296861466          21.0          
-19.0451205876          29.0          
-18.7933796998          23.0          
-18.5416388046          16.0          
-18.2898979001          16.0          
-18.0381569862          13.0          
-17.7864160649          24.0          
-17.5346751306          15.0          
-17.2829341926          28.0          
-17.0311932433          19.0          
-16.7794522867          24.0          
-16.5277113207          31.0          
-16.2759703472          23.0          
-16.0242293607          21.0          
-15.7724883687          35.0          
-15.5207473673          23.0          
-15.2690063566          25.0          
-15.0172653385          38.0          
-14.7655243091          29.0          
-14.5137832724          30.0          
-14.2620422281          41.0          
-14.0462641809          50.0          
-13.7945231199          45.0          
-13.5427820496          52.0          
-13.2910409719          66.0          
-13.0392998811          70.0          
-12.7875587828          74.0          
-12.535817679          75.0          
-12.284076564          71.0          
-12.0323354416          70.0          
-11.7805943098          74.0          
-11.5288531668          91.0          
-11.2771120183          74.0          
-11.0253708586          106.0          
-10.7736296933          85.0          
-10.5218885168          123.0          
-10.2701473311          93.0          
-10.0184061378          79.0          
-9.76666493528          110.0          
-9.51492372528          60.0          
-9.2631825041          74.0          
-9.04740430787          80.0          
-8.7956630718          67.0          
-8.54392182454          86.0          
-8.29218057171          63.0          
-8.04043930955          55.0          
-7.78869803809          85.0          
-7.53695675731          53.0          
-7.28521546721          74.0          
-7.03347416967          68.0          
-6.78173286282          71.0          
-6.52999154851          60.0          
-6.27825022303          47.0          
-6.02650889009          57.0          
-5.77476754598          66.0          
-5.52302619815          46.0          
-5.27128483728          59.0          
-5.01954346895          48.0          
-4.76780209132          48.0          
-4.51606070437          56.0          
-4.26431931183          62.0          
-4.01257790811          75.0          
-3.79679955542          67.0          
-3.54505813681          49.0          
-3.29331670515          76.0          
-3.04157526791          54.0          
-2.78983382322          89.0          
-2.53809236735          102.0          
-2.28635090403          100.0          
-2.03460942954          126.0          
-1.78286794759          149.0          
-1.5311264582          180.0          
-1.27938495949          231.0          
-1.02764345147          364.0          
-0.775901935995          599.0          
-0.524160411209          1084.0          
-0.272418875247          1638.0          
-0.0206773336977          2284.0          
0.231064219028          2157.0          
0.482805779204          1791.0          
0.734547348693          1105.0          
0.986288925633          554.0          
1.2020674292          320.0          
1.45380902477          174.0          
1.70555062778          142.0          
1.95729223825          91.0          
2.20903385989          73.0          
2.46077549085          74.0          
2.71251712926          64.0          
2.96425877512          82.0          
3.21600043215          71.0          
3.46774209663          87.0          
3.71948376857          62.0          
3.97122545168          65.0          
4.2229671441          59.0          
4.47470884398          63.0          
4.72645055316          62.0          
4.9781922698          56.0          
5.22993399575          64.0          
5.48167573102          68.0          
5.73341747746          62.0          
5.98515922762          79.0          
6.23690098897          61.0          
6.45267965086          70.0          
6.7044214271          82.0          
6.95616321638          78.0          
7.20790500939          85.0          
7.45964681357          106.0          
7.71138862707          82.0          
7.96313044988          92.0          
8.21487227827          86.0          
8.46661411971          101.0          
8.71835596859          99.0          
8.97009782493          95.0          
9.22183969058          119.0          
9.47358156368          87.0          
9.72532344609          96.0          
9.97706534155          102.0          
10.2288072426          124.0          
10.4805491511          144.0          
10.7322910689          133.0          
10.9840329979          162.0          
11.2357749362          167.0          
11.48751688          126.0          
11.7032956965          145.0          
11.9550376572          123.0          
12.2067796271          148.0          
12.4585216045          117.0          
12.7102635931          104.0          
12.962005591          137.0          
13.2137475964          127.0          
13.4654896092          116.0          
13.7172316331          94.0          
13.9689736664          97.0          
14.2207157072          69.0          
14.4724577554          76.0          
14.7241998129          43.0          
14.9759418797          48.0          
15.2276839577          51.0          
15.4794260412          53.0          
15.7311681341          47.0          
15.9829102345          41.0          
16.2346523441          53.0          
16.486394465          44.0          
16.7021734323          36.0          
16.9539155681          43.0          
17.2056577131          60.0          
17.4573998656          45.0          
17.7091420293          39.0          
17.9608841985          43.0          
18.2126263808          44.0          
18.4643685706          43.0          
18.7161107678          40.0          
18.9678529724          21.0          
19.2195951864          50.0          
19.4713374116          43.0          
19.7230796441          48.0          
19.974821886          33.0          
20.2265641373          48.0          
20.4783063959          30.0          
20.7300486639          35.0          
20.9817909375          24.0          
21.233533226          46.0          
21.48527552          26.0          
21.7370178215          37.0          
21.9527969472          39.0          
22.2045392655          55.0          
22.4562815949          50.0          
22.7080239318          33.0          
22.959766278          29.0          
23.2115086317          30.0          
23.4632509947          31.0          
23.714993367          30.0          
23.9667357467          16.0          
24.2184781395          29.0          
24.470220536          30.0          
24.7219629437          21.0          
24.9737053588          28.0          
25.2254477851          23.0          
25.477190217          27.0          
25.7289326619          30.0          
25.9806751125          23.0          
26.2324175723          30.0          
26.4841600414          21.0          
26.735902518          21.0          
26.9876450058          18.0          
27.203424288          31.0          
27.4551667906          24.0          
27.7069093008          35.0          
27.9586518221          26.0          
28.2103943508          28.0          
28.4621368889          18.0          
28.7138794363          38.0          
28.9656219911          22.0          
29.2173645552          22.0          
29.4691071287          21.0          
29.7208497096          20.0          
29.9725922998          23.0          
30.2243349012          31.0          
30.47607751          19.0          
30.7278201263          19.0          
30.9795627519          10.0          
31.2313053887          21.0          
31.4830480311          16.0          
31.7347906828          17.0          
31.9865333438          12.0          
32.202312775          11.0          
32.4540554527          14.0          
32.7057981379          19.0          
32.9575408343          9.0          
33.2092835382          25.0          
33.4610262495          7.0          
33.7127689719          15.0          
33.9645117018          12.0          
34.2162544429          17.0          
34.4679971896          18.0          
34.7197399456          7.0          
34.9714827091          7.0          
35.2232254837          9.0          
35.4749682695          10.0          
35.7267110609          13.0          
35.9784538597          8.0          
36.2301966697          12.0          
36.4819394872          12.0          
36.7336823158          6.0          
36.9854251519          3.0          
37.2371679954          6.0          
37.452947583          10.0          
37.7046904452          13.0          
37.956433313          9.0          
38.2081761919          12.0          
38.4599190801          6.0          
38.7116619758          7.0          
38.9634048808          13.0          
39.2151477933          12.0          
39.4668907169          8.0          
39.718633648          6.0          
39.9703765884          11.0          
40.2221195363          11.0          
40.4738624934          8.0          
40.7256054599          5.0          
40.9773484338          11.0          
41.2290914208          3.0          
41.4808344133          3.0          
41.7325774133          8.0          
41.9843204245          4.0          
42.2360634431          4.0          
42.4878064711          7.0          
42.7035862189          11.0          
42.9553292617          5.0          
43.2070723157          8.0          
43.4588153753          8.0          
43.7105584461          4.0          
43.9623015262          6.0          
44.2140446156          7.0          
44.4657877125          5.0          
44.7175308187          8.0          
44.9692739323          6.0          
45.2210170552          8.0          
45.4727601875          6.0          
45.724503329          7.0          
45.976246478          1.0          
46.2279896382          10.0          
46.479732804          4.0          
46.731475981          4.0          
46.9832191654          4.0          
47.2349623609          2.0          
47.4867055621          5.0          
47.7024854571          0.0          
47.954228675          5.0          
48.2059719022          3.0          
48.4577151388          2.0          
48.7094583865          10.0          
48.9612016398          7.0          
49.2129449025          7.0          
49.4646881744          11.0          
49.7164314538          5.0          
49.9681747444          6.0          
50.2199180443          6.0          
50.4716613498          1.0          
50.7234046645          4.0          
50.9751479905          6.0          
51.2268913221          0.0          
51.4786346667          4.0          
51.730378015          0.0          
51.9821213763          2.0          
52.2338647433          0.0          
52.4856081195          0.0          
52.7373515069          4.0          
52.9531315584          0.0          
53.2048749626          1.0          
53.4566183742          0.0          
53.7083617933          1.0          
53.9601052199          3.0          
54.2118486594          2.0          
54.4635921065          1.0          
54.715335561          0.0          
54.9670790248          2.0          
55.218822496          0.0          
55.4705659784          2.0          
55.7223094702          1.0          
55.9740529694          2.0          
56.225796476          1.0          
56.4775399938          1.0          
56.7292835172          2.0          
56.9810270537          3.0          
57.2327705957          1.0          
57.484514147          2.0          
57.7362577077          2.0          
57.9880012758          1.0          
58.2037814856          3.0          
58.4555250723          0.0          
58.7072686683          1.0          
58.95901227          0.0          
59.2107558828          0.0          
59.462499503          2.0          
59.7142431326          2.0          
59.9659867734          0.0          
60.2177304216          5.0          
60.4694740754          2.0          
60.7212177403          0.0          
60.9729614127          2.0          
61.2247050982          3.0          
61.4764487892          0.0          
61.7281924896          0.0          
61.9799361974          1.0          
62.2316799145          0.0          
62.483423641          2.0          
62.7351673786          3.0          
62.9869111199          0.0          
63.2026914787          2.0          
63.4544352386          0.0          
63.7061790079          0.0          
63.9579227865          0.0          
64.2096665744          1.0          
64.4614103697          0.0          
64.7131541744          0.0          
64.9648979884          1.0          
65.2166418079          1.0          
65.4683856405          1.0          
65.7201294806          0.0          
65.9718733281          3.0          
66.2236171849          0.0          
66.475361051          2.0          
66.7271049246          1.0          
66.9788488094          0.0          
67.2305927034          0.0          
67.4823366031          0.0          
67.7340805121          0.0          
67.9858244304          1.0          
68.237568358          0.0          
68.453348875          0.0          
68.7050928194          0.0          
68.9568367731          0.0          
69.2085807342          3.0          
69.4603247028          0.0          
69.7120686825          1.0          
69.9638126697          0.0          
70.2155566681          0.0          
70.4673006721          3.0          
70.7190446872          0.0          
70.9707887098          0.0          
71.2225327399          2.0          
71.4742767811          0.0          
71.7260208316          1.0          
71.9777648896          2.0          
72.2295089569          0.0          
72.4812530316          0.0          
72.7329971157          2.0          
72.9847412109          0.0          
73.2364853118          0.0          
73.4522659779          0.0          
73.7040100954          0.0          
73.9557542242          1.0          
74.2074983586          0.0          
74.4592425041          3.0          
74.7109866589          0.0          
74.9627308212          2.0          
75.2144749928          6.0          
75.4662191719          1.0          
75.7179633602          2.0          
75.9697075598          0.0          
76.2214517668          0.0          
76.4731959812          5.0          
76.724940205          0.0          
76.9766844381          0.0          
77.2284286804          0.0          
77.4801729284          4.0          
77.7319171876          2.0          
77.983661456          0.0          
78.2354057357          0.0          
78.487150019          2.0          
78.7029308416          0.0          
78.9546751436          1.0          
79.2064194549          1.0          
79.4581637736          0.0          
79.7099081017          0.0          
79.9616524391          0.0          
80.2133967858          0.0          
80.4651411418          0.0          
80.7168855034          0.0          
80.9686298743          1.0          
81.2203742582          0.0          
81.4721186478          0.0          
81.7238630466          1.0          
81.9756074529          0.0          
82.2273518685          0.0          
82.4790962934          0.0          
82.7308407277          0.0          
82.9825851712          0.0          
83.2343296222          0.0          
83.4860740807          0.0          
83.7378185503          1.0          
83.9535995312          0.0          
84.2053440176          0.0          
84.4570885114          0.0          
84.7088330146          0.0          
84.9605775252          0.0          
85.2123220451          0.0          
85.4640665743          1.0          
85.7158111148          1.0          
85.9675556608          1.0          
86.2193002161          0.0          
86.4710447807          2.0          
86.7227893546          1.0          
86.9745339341          0.0          
87.2262785286          3.0          
87.4780231267          1.0          
87.729767736          1.0          
87.9815123528          1.0          
88.2332569771          0.0          
88.4850016125          0.0          
88.7367462572          0.0          
88.9525273871          0.0          
89.2042720467          1.0          
89.4560167156          0.0          
89.707761392          0.0          
