#Files Included:
#scan_0008.mda
#scan_0013.mda
#scan_0015.mda
#Energy= Column: 1
#Signal= Column: 2
-83.2985518612          0.0          
-83.0468126405          0.0          
-82.7950734105          0.0          
-82.5433341712          0.0          
-82.2915949225          0.0          
-82.0398556646          0.0          
-81.7881164011          0.0          
-81.5363771264          0.0          
-81.2846378442          0.0          
-81.0328985509          0.0          
-80.876919793          0.0          
-80.6251809094          0.0          
-80.3734420147          0.762458114047          
-80.2378067151          0.698749220884          
-79.9860674944          0.301250353622          
-79.7343282644          0.698750071873          
-79.4825890251          1.0          
-79.2308497764          1.0          
-78.9791105185          0.0          
-78.7273712549          1.0          
-78.4756319802          0.0          
-78.2238926981          1.0          
-77.9721534047          1.0          
-77.7563768625          2.0          
-77.5046375524          0.0          
-77.2528982367          0.158388605718          
-77.0011589117          1.84161182306          
-76.7494195774          1.0          
-76.4976802338          0.0          
-76.2459408827          1.0          
-75.9942015205          1.0          
-75.7424621508          0.0          
-75.4907227717          1.0          
-75.2389833834          0.0          
-74.9872439895          0.0          
-74.7355045844          0.0          
-74.48376517          0.0          
-74.2320257481          1.0          
-73.9802863169          0.0          
-73.7285468746          0.301239800688          
-73.4768074285          1.0          
-73.2250679694          1.0          
-72.973328501          0.698761466165          
-72.7215890288          0.301238100942          
-72.5058123283          0.841619401989          
-72.2540728357          0.158380172747          
-72.0023333374          0.841620256033          
-71.7505938262          1.0          
-71.4988543093          0.158378891096          
-71.2471147813          1.84162152406          
-70.9953752458          0.158378043279          
-70.743635701          0.815226104366          
-70.4918961488          0.0          
-70.2401565872          1.0          
-69.9884170163          0.0          
-69.736677438          0.0          
-69.4849378504          0.0          
-69.2331982516          0.0          
-68.9814586472          1.30123178665          
-68.7297190316          1.69876863885          
-68.4779794067          2.30123094012          
-68.2262397762          0.698769487604          
-67.9745001327          0.301230092073          
-67.7227604836          0.698770341532          
-67.5069836359          1.0          
-67.2552439682          1.0          
-67.0035042912          0.0          
-66.7517646085          0.158370889629          
-66.5000249166          0.841629544206          
-66.2482852153          0.158370029359          
-65.9965455066          0.84163039942          
-65.7448057868          0.0          
-65.4930660576          0.0          
-65.2413263228          0.0          
-64.9895865768          1.30122504909          
-64.7378468197          1.69877536677          
-64.4861070588          0.0          
-64.2343672868          0.0          
-63.9826275073          1.30122335158          
-63.7308877185          2.0          
-63.4791479185          2.69877749201          
-63.2274081111          0.0          
-62.9756682962          0.0          
-62.7239284702          0.0          
-62.4721886404          0.301220800854          
-62.2564116325          1.84163670407          
-62.0046717823          0.0          
-61.7529319227          0.0          
-61.5011920556          0.0          
-61.2494521812          0.0          
-60.9977122955          0.158361176206          
-60.7459724024          0.841639246345          
-60.4942325          0.0          
-60.2424925882          0.0          
-59.9907526691          0.0          
-59.7390127387          0.0          
-59.4872728027          0.0          
-59.2355328556          2.0          
-58.9837928992          1.0          
-58.7320529372          0.0          
-58.4803129639          0.0          
-58.2285729814          1.0          
-57.9768329915          1.0          
-57.725092994          0.0          
-57.4733529836          0.0          
-57.2216129676          1.0          
-57.0058358051          1.0          
-56.7540957704          1.15835401635          
-56.5023557302          0.84164641243          
-56.2506156787          0.0          
-55.998875618          0.316705484202          
-55.7471355516          3.68329537335          
-55.4953954723          1.0          
-55.2436553873          0.0          
-54.9919152912          0.301208191562          
-54.7401751913          0.698792246499          
-54.4884350784          0.0          
-54.2366949581          2.0          
-53.9849548265          0.0          
-53.7332146876          0.0          
-53.4814745411          0.301205633443          
-53.2297343835          0.698794787591          
-52.9779942185          1.0          
-52.726254046          0.0          
-52.4745138623          4.0          
-52.2227736712          1.0          
-52.0069963578          0.158346008687          
-51.7552561499          1.0          
-51.5035159346          2.0          
-51.251775708          0.841655271786          
-51.0000354741          1.15834430801          
-50.7482952308          1.0          
-50.4965549801          1.84165654603          
-50.2448147181          1.0          
-49.9930744506          0.0          
-49.741334172          1.0          
-49.4895938858          2.0          
-49.2378535904          1.0          
-48.9861132856          1.0          
-48.7343729716          1.0          
-48.4826326482          4.0          
-48.2308923174          0.30119678255          
-47.9791519791          1.0          
-47.7274116315          1.0          
-47.4756712727          1.69880449392          
-47.2239309084          1.30119507542          
-46.972190531          2.69880533528          
-46.7564130612          1.31667430879          
-46.5046726707          1.84166327943          
-46.252932271          2.84166370587          
-46.0011918638          0.158335866527          
-45.7494514454          2.0          
-45.4977110177          0.841664973883          
-45.2459705826          1.15833459968          
-44.99423014          2.0          
-44.7424896862          2.0          
-44.490749225          2.0          
-44.2390087545          1.69880995719          
-43.9872682765          1.30118961215          
-43.7355277892          2.69881081334          
-43.4837872908          1.0          
-43.2320467848          0.301188345304          
-42.9803062715          3.30118791981          
-42.7285657488          4.39762501135          
-42.4768252168          0.0          
-42.2250846755          2.30118664557          
-41.9733441267          2.69881377992          
-41.7216035668          2.0          
-41.5058259405          4.15832829272          
-41.2540853657          0.841672139938          
-41.0023447815          5.0          
-40.7506041899          1.15832701342          
-40.498863589          3.0          
-40.2471229788          3.0          
-39.9953823611          0.841674260817          
-39.7436417341          1.184712871          
-39.4919010978          1.69881796894          
-39.2401604522          0.0          
-38.9884197991          1.0          
-38.7366791368          1.30118075905          
-38.4849384669          3.69881966867          
-38.2331977841          0.0          
-37.9814570956          3.0          
-37.7297163978          2.60235812898          
-37.4779756926          3.0          
-37.2262349781          1.39764358778          
-36.9744942524          2.6023555657          
-36.7227535211          2.0          
-36.5069757421          2.84168013899          
-36.2552349921          2.0          
-36.0034942348          1.84168099303          
-35.7517534681          3.31663717119          
-35.5000126939          5.84168184824          
-35.2482719086          1.84168226844          
-34.996531114          1.31663462271          
-34.7447903138          5.8416831213          
-34.4930495024          6.36940508161          
-34.2413086835          5.30117317057          
-33.9895678535          6.39765449503          
-33.737827016          2.39765534155          
-33.486086173          3.30117189411          
-33.2343453187          4.60234293135          
-32.9826044533          3.09648683504          
-32.7308635823          3.9035118818          
-32.4791227002          3.69882979822          
-32.2273818105          3.69883022665          
-31.9756409116          3.30116935303          
-31.7239000034          8.30116892754          
-31.4721590895          6.30116849171          
-31.2563811522          11.8416889995          
-31.0046402197          8.84168942085          
-30.752899278          3.15831015272          
-30.5011583287          6.84169027488          
-30.2494173683          5.15830930491          
-29.9976764023          7.84169112892          
-29.745935427          6.0          
-29.4941944405          7.3166160341          
-29.2424534447          4.63061558964          
-28.9907124434          8.30116431527          
-28.7389714308          3.69883611022          
-28.4872304089          8.6023269375          
-28.2354893815          6.69883696119          
-27.9837483447          10.6023252104          
-27.7320072968          10.3976756154          
-27.4802662414          5.0          
-27.2285251766          7.60232268262          
-26.9767841026          11.9034827542          
-26.7250430211          16.096518529          
-26.4733019285          10.6988399307          
-26.2215608303          9.30115964381          
-26.0057827383          12.5250935868          
-25.7540416215          9.0          
-25.5023004953          3.0          
-25.2505593635          8.31660173942          
-24.9988182187          8.6833991111          
-24.7470770702          15.6332000425          
-24.4953359105          13.0          
-24.2435947414          17.6306352877          
-23.9918535631          11.3011558803          
-23.7401123773          14.0965336356          
-23.4883711804          11.6023100779          
-23.2366299778          22.9034638337          
-22.984888766          19.0          
-22.7331475429          16.3011537603          
-22.4814063143          22.0965400334          
-22.2296650764          16.0          
-21.9779238254          19.0          
-21.7261825688          12.9034561883          
-21.4744413048          20.0          
-21.2227000296          21.3976975868          
-21.0069217868          16.6834125879          
-20.7551804967          18.683413433          
-20.5034391973          7.63317140334          
-20.2516978905          20.5251227268          
-19.9999565724          8.15829200926          
-19.7482152469          18.3165831532          
-19.4964739103          19.6331646505          
-19.2447325662          26.208546319          
-18.9929912165          15.184672019          
-18.7412498556          13.3977059603          
-18.4895084854          12.6988534005          
-18.2377671059          11.602292357          
-17.986025719          16.3977084881          
-17.7342843246          10.2045812716          
-17.4825429171          28.0          
-17.2308015041          20.3011444743          
-16.9790600836          23.3011440385          
-16.7273186501          26.3011436256          
-16.475577211          23.3977136057          
-16.2238357607          21.301142782          
-15.972094303          35.0          
-15.7563159037          22.1582848507          
-15.5045744311          25.525146753          
-15.2528329473          28.4748519712          
-15.0010914579          27.3165671232          
-14.7493499555          33.8417168562          
-14.4976084456          37.5251518106          
-14.2458669282          44.7411053112          
-13.9941253997          51.2085906212          
-13.7423838656          52.5852636437          
-13.4906423204          74.3011381646          
-13.2389007695          82.6022754634          
-12.9871592056          85.193176105          
-12.7354176361          108.710231993          
-12.4836760554          86.1931812108          
-12.2319344655          80.2045441871          
-11.9801928699          98.2897794549          
-11.7284512632          95.6136223497          
-11.4767096508          92.3011347578          
-11.2249680273          114.409074658          
-10.9732263926          109.78412517          
-10.7214847524          119.107934436          
-10.5057061948          109.841724011          
-10.2539645378          93.575520003          
-10.0022228714          111.21585182          
-9.75048119761          87.6762311441          
-9.49873951264          71.4748228465          
-9.24699782021          77.4748215824          
-8.99525611848          76.5251796969          
-8.74351440929          86.1079110583          
-8.49177268893          82.1079081437          
-8.24003096111          64.9887069067          
-7.98828922398          87.3124177223          
-7.73654747941          78.2785593893          
-7.48480572551          70.1078962095          
-7.23306396045          64.5909790639          
-6.98132218793          66.3123991314          
-6.72958040982          66.2785915857          
-6.47783861868          52.6022526708          
-6.22609682195          47.2045036189          
-5.97435501404          53.2045019466          
-5.72261319868          43.0966248232          
-5.50683449395          49.1582675438          
-5.25509266183          55.6330685099          
-5.00335082039          55.4748000879          
-4.75160896964          49.5756034619          
-4.49986711144          52.7913292721          
-4.24812524579          67.7913271029          
-3.99638336897          64.0          
-3.74464148469          68.2157040354          
-3.49289958924          78.4918110901          
-3.24115768634          65.8179340377          
-2.98941577598          93.8921568937          
-2.73767385632          101.795519906          
-2.48593192548          100.91455487          
-2.23418999091          133.613430008          
-1.98244804144          154.914543807          
-1.73070608824          188.710064867          
-1.47896412387          222.721240067          
-1.22722215019          331.453638799          
-0.975480169058          584.316173148          
-0.723738178611          964.695409592          
-0.471996180713          1662.6806237          
-0.256217317656          2304.10576868          
-0.00447529926896          2620.08708591          
0.247266722843          2297.3781876          
0.499008756131          1535.47231839          
0.750750798732          803.224758635          
1.00249284878          448.864704988          
1.25423491001          271.087192631          
1.50597697683          165.307366547          
1.75771905482          114.193325363          
2.00946114026          101.795551932          
2.26120323502          87.4944420685          
2.51294533722          78.8066669339          
2.7646874506          74.2900033419          
3.01642956957          72.2044412394          
3.26817170158          73.4944505559          
3.51991383918          68.8066567666          
3.77165598795          66.5911276972          
4.02339814417          58.6022172292          
4.27514030971          63.1933508343          
4.52688248269          64.2044310634          
4.74266149662          53.6834994638          
4.99440368451          52.4242484524          
5.24614588544          68.1582494141          
5.49788809381          71.8417510124          
5.74963030964          72.6835028776          
6.00137253292          57.7340149404          
6.25311476924          59.2154679879          
6.50485701114          81.9427852995          
6.75659926422          69.2154560261          
7.00834152475          89.4944821156          
7.26008379273          91.6132377901          
7.51182607189          99.2044109037          
7.76356835663          96.8922839332          
8.01531065442          110.204407529          
8.26705295779          100.204405798          
8.51879527234          97.5911917547          
8.77053759433          89.9033018399          
9.02227992378          111.892298758          
9.27402226441          97.720895386          
9.52576461248          114.903297986          
9.77750697173          120.784615179          
9.99328614213          132.006586747          
10.2450285144          160.898891701          
10.4967708979          177.784632161          
10.7485132888          170.265921018          
11.0002556872          193.208801502          
11.2519980967          161.841760721          
11.5037405156          159.050566844          
11.7554829381          132.417615819          
12.0072253756          149.476888044          
12.2589678187          157.010947143          
12.5107102729          157.505471481          
12.7624527328          138.494530672          
13.0141952038          136.085785212          
13.2659376841          126.795627912          
13.51768017          118.386888931          
13.769422669          103.204368693          
14.0211651735          88.0858072792          
14.2729076874          65.3978173599          
14.5246502105          57.2043635754          
14.776392743          55.0967285639          
15.0281352829          42.8923696636          
15.2439146116          50.8417674526          
15.4956571683          41.7911605988          
15.7473997343          34.52530492          
15.9991423078          40.1582312657          
16.2508848924          38.8417691545          
16.5026274845          43.4746912538          
16.7543700859          38.0          
17.0061126947          35.2615953329          
17.2578553129          33.1076039921          
17.5095979422          38.2902272015          
17.7613405753          29.3978291431          
18.0130832214          26.1075950725          
18.2648258749          37.1934924907          
18.5165685378          28.8065049564          
18.76831121          24.7956650554          
19.0200538896          42.5054165533          
19.2717965785          40.6021657748          
19.5235392768          35.2902578162          
19.7752819844          29.2043281547          
20.0270246975          31.4945919564          
20.2428041752          31.8986892117          
20.494546907          37.5759868275          
20.7462896481          25.2657860753          
20.9980323967          47.2088858409          
21.2497751545          27.0          
21.5015179217          41.6328879408          
21.7532606982          42.525335305          
22.0050034821          49.4746634157          
22.2567462754          48.4462274898          
22.508489076          35.9032322727          
22.7602318898          42.0967689594          
23.0119747072          35.2043063138          
23.2637175377          32.4946192018          
23.515460372          36.0967728109          
23.7672032192          19.0          
24.0189460739          21.6989251242          
24.270688938          28.6989255445          
24.5224318095          28.7096662235          
24.7741746902          33.5914112052          
25.0259175804          21.0967804717          
25.2776604779          19.2042909935          
25.493440114          24.1582152457          
25.7451830283          26.3671407276          
25.9969259519          23.4746431715          
26.2486688867          28.4746419179          
26.5004118253          25.7342916583          
26.7521547768          24.6835737651          
27.0038977377          25.474638114          
27.2556407042          24.7910613853          
27.5073836818          30.0770974937          
27.7591266669          23.5053428712          
28.0108696613          31.0          
28.2626126632          22.0          
28.5143556762          29.0967981088          
28.7660986967          25.0          
29.0178417265          27.3010664439          
29.2695847657          18.0968019314          
29.5213278104          29.9031967855          
29.7730708681          21.0968044688          
30.0248139314          27.2042589857          
30.2765570041          19.1936140744          
30.528300086          22.2042555818          
30.7440798767          16.8417936146          
30.9958229773          16.5253820858          
31.2475660834          13.1582055376          
31.4993092008          14.3671795305          
31.7510523237          11.6328187342          
32.0027954597          17.0          
32.2545386031          15.8417961494          
32.5062817521          18.1845706524          
32.7580249123          15.301060132          
33.0097680818          14.4947014563          
33.2615112588          8.50529641634          
33.513254445          13.6989411422          
33.7649976406          15.3010584345          
34.0167408437          13.4947099659          
34.2684840579          10.8063455014          
34.5202272795          9.69894284191          
34.7719705105          12.0968297955          
35.0237137489          10.3010563116          
35.2754569966          10.0          
35.5272002537          11.6989445394          
35.7429801952          9.84180204229          
35.994723469          7.31639506256          
36.2464667503          8.52540868543          
36.4982100409          4.63278673865          
36.7499533407          6.8418037367          
37.0016966481          10.8418041705          
37.2534399666          7.84180458955          
37.5051832926          7.0          
37.7569266278          9.0          
38.0086699706          9.69894872091          
38.2604133207          6.50525423106          
38.512156684          10.0968487156          
38.7639000528          10.0968500076          
39.0156434327          6.6020991588          
39.2673868202          6.60209830784          
39.519130215          5.79580509802          
39.7708736192          7.60209660146          
40.0226170346          9.69895212769          
40.2743604574          4.30104744905          
40.5261038877          10.2041880943          
40.7778473292          8.49476697254          
40.9936274271          4.1581890974          
41.2453708835          5.84181132902          
41.4971143492          7.0          
41.7488578241          6.15818782436          
42.0006013066          4.15818740183          
42.2523447983          6.84181303083          
42.5040882993          8.3163731003          
42.755831806          7.84181387978          
43.0075753275          11.6309000292          
43.2593188547          7.90312725639          
43.5110623892          8.69895800668          
43.7628059331          10.0          
44.0145494863          8.69895886281          
44.2662930489          10.3010407191          
44.5180366188          11.3979194172          
44.7697802          5.0          
45.0215237867          5.69896055733          
45.2732673865          2.30103902459          
45.5250109918          6.90311578849          
45.7767546047          7.09688549463          
46.0284982305          9.60207550075          
46.2442784868          5.52545926646          
46.4960221257          5.15817981692          
46.7477657739          5.0          
46.9995094333          1.0          
47.2512530982          4.0          
47.5029967725          3.31635621544          
47.754740458          4.84182231131          
48.006484149          7.0          
48.2582278512          4.0          
48.5099715628          6.30103355851          
48.7617152799          6.69896686919          
49.0134590082          6.39793458489          
49.2652027458          4.0          
49.5169464909          2.30103185882          
49.7686902452          4.30103143629          
50.0204340089          6.69896899213          
50.2721777782          3.30103057722          
50.5239215624          3.39793966104          
50.7756653521          3.0          
51.0274091493          1.0          
51.2431895547          1.15817181066          
51.4949333705          1.8418286107          
51.7466771919          2.15817095042          
51.9984210245          2.84182946472          
52.2501648646          0.158170101461          
52.5019087158          4.15816968244          
52.7536525726          2.68366149265          
53.0053964425          2.0          
53.2571403179          0.0          
53.5088842008          3.30102511704          
53.7606280968          2.69897530176          
54.0123719983          2.30102427571          
54.2641159091          0.698976154942          
54.5158598293          1.30102341958          
54.7676037606          1.30102300373          
55.0193476956          2.3979548583          
55.2710916437          3.60204431          
55.5228355993          1.39795653062          
55.7745795622          1.0          
56.0263235364          2.30102087856          
56.278067518          0.698979546914          
56.4938480798          3.316325886          
56.7455920801          1.84183747097          
56.997336084          2.0          
57.249080101          2.0          
57.5008241255          2.0          
57.7525681593          2.84183917159          
58.0043122005          2.0          
58.256056251          0.0          
58.507800309          1.30101667709          
58.7595443781          0.698983740992          
59.0112884566          0.301015840929          
59.2630325425          0.698984584549          
59.5147766378          1.0          
59.7665207405          2.60202912899          
60.0182648543          5.39797171751          
60.2700089756          1.0          
60.5217531044          0.0          
60.7734972425          3.0          
61.0252413899          1.0          
61.2769855466          0.301012021256          
61.4927662611          1.0          
61.7445104327          1.0          
61.9962546136          1.84184633862          
62.2479988039          2.15815323379          
62.4997430034          1.84184719146          
62.7514872104          0.0          
63.0032314286          2.15815196699          
63.2549756542          0.841848458263          
63.5067198873          1.0          
63.7584641296          0.0          
64.0102083813          1.30100740393          
64.2619526405          0.698993026715          
64.5136969127          0.301006562606          
64.7654411905          0.698993862871          
65.0171854775          0.0          
65.2689297739          1.0          
65.5206740797          1.30100486515          
65.772418391          2.69899556478          
66.0241627134          0.0          
66.2759070452          1.0          
66.5276513826          0.0          
66.7434322555          0.0          
66.9951766096          0.0          
67.2469209749          0.0          
67.4986653477          1.0          
67.7504097298          1.0          
68.0021541212          0.0          
68.2538985219          0.158143100524          
68.5056429319          1.84185731227          
68.7573873475          1.18449930122          
69.0091317762          1.69900102565          
69.2608762085          0.0          
69.512620654          0.0          
69.7643651068          0.0          
70.016109569          2.0          
70.2678540386          1.0          
70.5195985194          1.0          
70.7713430058          0.300996000469          
71.0230875034          1.69900442501          
71.2748320103          0.0          
71.5265765227          1.0          
71.7783210445          2.0          
71.9941020738          1.0          
72.2458466142          0.0          
72.4975911621          2.0          
72.7493357174          0.0          
73.0010802839          0.0          
73.2528248578          0.0          
73.5045694429          0.0          
73.7563140336          1.0          
74.0080586355          0.0          
74.2598032467          1.0          
74.5115478653          0.0          
74.7632924914          1.30098925801          
75.0150371268          3.69901116747          
75.2667817734          0.300988414454          
75.5185264256          0.699012018421          
75.7702710908          0.0          
76.0220157597          0.0          
76.2737604417          2.0          
76.5255051311          0.0          
76.777249828          0.0          
76.9930310044          0.0          
77.2447757199          2.0          
77.496520441          1.0          
77.7482651751          0.0          
78.0000099149          0.0          
78.2517546639          1.0          
78.5034994222          1.0          
78.7552441899          0.0          
79.0069889631          0.0          
79.2587337494          0.0          
79.5104785431          0.0          
79.7622233443          1.0          
