#Files Included:
#3idb_0032-LaFeSi.mda
#scan_0180-SnSe.mda
#Energy= Column: 1
#Signal= Column: 2
-16083240.0          0.0          
-16010520.0          0.0          
-15949920.0          1.0          
-15877200.0          0.0          
-15816600.0          0.0          
-15743880.0          0.0          
-15683280.0          0.0          
-15610560.0          0.0          
-15549960.0          0.0          
-15477240.0          0.0          
-15404520.0          1.0          
-15343920.0          1.0          
-15271200.0          0.0          
-15210600.0          1.0          
-15137880.0          0.0          
-15077280.0          1.0          
-15004560.0          2.0          
-14943960.0          0.0          
-14871240.0          1.0          
-14810640.0          0.0          
-14737920.0          1.0          
-14677320.0          0.0          
-14604600.0          0.0          
-14544000.0          1.0          
-14471280.0          0.0          
-14410680.0          0.0          
-14337960.0          0.0          
-14265240.0          2.0          
-14204640.0          1.0          
-14131920.0          0.0          
-14071320.0          0.0          
-13998600.0          1.0          
-13938000.0          0.0          
-13865280.0          0.0          
-13804680.0          1.0          
-13731960.0          1.0          
-13671360.0          2.0          
-13598640.0          0.0          
-13538040.0          0.0          
-13465320.0          1.0          
-13404720.0          0.0          
-13332000.0          0.0          
-13271400.0          1.0          
-13198680.0          0.0          
-13125960.0          0.0          
-13065360.0          0.0          
-12992640.0          1.0          
-12932040.0          0.0          
-12859320.0          0.0          
-12798720.0          0.0          
-12726000.0          2.0          
-12665400.0          1.0          
-12592680.0          0.0          
-12532080.0          0.0          
-12459360.0          0.0          
-12398760.0          1.0          
-12326040.0          0.0          
-12265440.0          0.0          
-12192720.0          1.0          
-12132120.0          0.0          
-12059400.0          1.0          
-11998800.0          0.0          
-11926080.0          2.0          
-11853360.0          0.0          
-11792760.0          2.0          
-11720040.0          0.0          
-11659440.0          0.0          
-11586720.0          0.0          
-11526120.0          0.0          
-11453400.0          1.0          
-11392800.0          1.0          
-11320080.0          2.0          
-11259480.0          0.0          
-11186760.0          1.0          
-11126160.0          0.0          
-11053440.0          0.0          
-10992840.0          0.0          
-10920120.0          0.0          
-10859520.0          1.0          
-10786800.0          0.0          
-10714080.0          1.0          
-10653480.0          1.0          
-10580760.0          2.0          
-10520160.0          2.0          
-10447440.0          0.0          
-10386840.0          0.0          
-10314120.0          0.0          
-10253520.0          1.0          
-10180800.0          0.0          
-10120200.0          0.0          
-10047480.0          0.0          
-9986880.0          2.0          
-9914160.0          0.0          
-9853560.0          0.0          
-9780840.0          0.0          
-9720240.0          1.0          
-9647520.0          1.0          
-9586920.0          1.0          
-9514200.0          0.0          
-9441480.0          0.0          
-9380880.0          0.0          
-9308160.0          0.0          
-9247560.0          1.0          
-9174840.0          1.0          
-9114240.0          0.0          
-9041520.0          0.0          
-8980920.0          0.0          
-8908200.0          0.0          
-8847600.0          0.0          
-8774880.0          0.0          
-8714280.0          0.0          
-8641560.0          3.0          
-8580960.0          0.0          
-8508240.0          1.0          
-8447640.0          1.0          
-8374920.0          0.0          
-8302200.0          0.0          
-8241600.0          0.0          
-8168880.0          0.0          
-8108280.0          1.0          
-8035560.0          1.0          
-7974960.0          1.0          
-7902240.0          2.0          
-7841640.0          1.0          
-7768920.0          2.0          
-7708320.0          0.0          
-7635600.0          0.0          
-7575000.0          0.0          
-7502280.0          0.0          
-7441680.0          0.0          
-7368960.0          0.0          
-7308360.0          0.0          
-7235640.0          0.0          
-7175040.0          1.0          
-7102320.0          1.0          
-7029600.0          0.0          
-6969000.0          0.0          
-6896280.0          0.0          
-6835680.0          1.0          
-6762960.0          0.0          
-6702360.0          0.0          
-6629640.0          1.0          
-6569040.0          1.0          
-6496320.0          1.0          
-6435720.0          0.0          
-6363000.0          0.0          
-6302400.0          0.0          
-6229680.0          1.0          
-6169080.0          1.0          
-6096360.0          0.0          
-6035760.0          1.0          
-5963040.0          0.0          
-5890320.0          0.0          
-5829720.0          0.0          
-5757000.0          1.0          
-5696400.0          1.0          
-5623680.0          1.0          
-5563080.0          1.0          
-5490360.0          1.0          
-5429760.0          0.0          
-5357040.0          1.0          
-5296440.0          0.0          
-5223720.0          1.0          
-5163120.0          0.0          
-5090400.0          0.0          
-5029800.0          1.0          
-4957080.0          0.0          
-4896480.0          0.0          
-4823760.0          0.0          
-4751040.0          0.0          
-4690440.0          1.0          
-4617720.0          0.0          
-4557120.0          0.0          
-4484400.0          1.0          
-4423800.0          0.0          
-4351080.0          0.0          
-4290480.0          0.0          
-4217760.0          2.0          
-4157160.0          1.0          
-4084440.0          1.0          
-4023840.0          1.0          
-3951120.0          0.0          
-3890520.0          1.0          
-3817800.0          1.0          
-3757200.0          0.0          
-3684480.0          2.0          
-3623880.0          0.0          
-3551160.0          0.0          
-3478440.0          0.0          
-3417840.0          2.0          
-3345120.0          0.0          
-3284520.0          0.0          
-3211800.0          2.0          
-3151200.0          1.0          
-3078480.0          1.0          
-3017880.0          1.0          
-2945160.0          1.0          
-2884560.0          0.0          
-2811840.0          1.0          
-2751240.0          0.0          
-2678520.0          2.0          
-2617920.0          1.0          
-2545200.0          1.0          
-2484600.0          0.0          
-2411880.0          0.0          
-2339160.0          1.0          
-2278560.0          0.0          
-2205840.0          1.0          
-2145240.0          0.0          
-2072520.0          2.0          
-2011920.0          0.0          
-1939200.0          0.0          
-1878600.0          0.0          
-1805880.0          1.0          
-1745280.0          2.0          
-1672560.0          0.0          
-1611960.0          1.0          
-1539240.0          0.0          
-1478640.0          0.0          
-1405920.0          0.0          
-1345320.0          2.0          
-1272600.0          0.0          
-1212000.0          2.0          
-1139280.0          1.0          
-1066560.0          2.0          
-1005960.0          1.0          
-933240.0          1.0          
-872639.999996          0.0          
-799919.999996          0.0          
-739320.0          2.0          
-666600.0          3.0          
-606000.0          4.0          
-533280.0          1.0          
-472680.0          5.0          
-399960.0          26.0          
-339359.999996          58.0          
-266639.999996          142.0          
-206040.0          305.0          
-133320.0          452.0          
-72720.0          640.0          
-80.2910486925          708.0          
-80.0391854439          708.0          
-79.7873221859          708.0          
-79.5354589187          708.0          
-79.2835956421          708.0          
-79.0317323599          708.0          
-78.7798690666          708.0          
-78.528005762          708.0          
-78.2761424538          708.0          
-78.0242791325          708.0          
-77.7724158056          708.0          
-77.5205524694          708.0          
-77.2686891221          708.0          
-77.0168257672          708.0          
-76.7649624031          708.0          
-76.5130990315          708.0          
-76.2972161341          708.0          
-76.0453527439          708.0          
-75.7934893481          709.0          
-75.5416259412          708.0          
-75.2897625268          708.0          
-75.037899103          708.0          
-74.7860356681          708.0          
-74.5341722295          708.0          
-74.2823087778          708.0          
-74.0304453205          708.0          
-73.7785818502          709.0          
-73.5267183725          708.0          
-73.2748548873          708.0          
-73.0229913928          708.0          
-72.7711278908          708.0          
-72.5192643795          708.0          
-72.2674008589          708.0          
-72.0155373272          708.0          
-71.7636737898          708.0          
-71.5477907509          708.0          
-71.2959271949          708.0          
-71.0440636296          708.0          
-70.7922000587          708.0          
-70.5403364804          708.0          
-70.288472889          708.0          
-70.0366092902          708.0          
-69.7847456802          708.0          
-69.5328820664          709.0          
-69.2810184415          708.0          
-69.0291548073          708.0          
-68.7772911638          708.0          
-68.5254275128          708.0          
-68.2735638525          708.0          
-68.0217001829          708.0          
-67.769836504          708.0          
-67.5179728176          708.0          
-67.266109122          708.0          
-67.0142454188          709.0          
-66.7983622365          709.0          
-66.5464985147          708.0          
-66.2946347874          708.0          
-66.042771047          708.0          
-65.790907301          708.0          
-65.5390435439          708.0          
-65.2871797811          708.0          
-65.0353160053          708.0          
-64.783452224          708.0          
-64.5315884314          708.0          
-64.2797246315          708.0          
-64.0278608259          708.0          
-63.7759970073          709.0          
-63.5241331812          708.0          
-63.272269344          708.0          
-63.0204055011          708.0          
-62.7685416471          708.0          
-62.5166777875          708.0          
-62.2648139168          710.0          
-62.0129500367          708.0          
-61.7970667053          708.0          
-61.5452028085          709.0          
-61.2933389042          708.0          
-61.0414749943          708.0          
-60.7896110695          709.0          
-60.5377471391          708.0          
-60.2858831994          708.0          
-60.0340192523          708.0          
-59.782155294          708.0          
-59.5302913282          709.0          
-59.278427355          709.0          
-59.0265633687          708.0          
-58.7746993788          708.0          
-58.5228353776          708.0          
-58.2709713671          708.0          
-58.0191073474          709.0          
-57.7672433201          708.0          
-57.5153792836          708.0          
-57.2635152396          709.0          
-57.0476317648          708.0          
-56.7957677022          708.0          
-56.5439036321          709.0          
-56.2920395527          708.0          
-56.0401754659          709.0          
-55.7883113697          708.0          
-55.5364472643          708.0          
-55.2845831495          708.0          
-55.0327190254          708.0          
-54.7808548957          708.0          
-54.528990753          708.0          
-54.2771266047          708.0          
-54.0252624452          709.0          
-53.7733982783          708.0          
-53.5215341039          708.0          
-53.2696699165          709.0          
-53.0178057253          708.0          
-52.765941523          708.0          
-52.5140773114          708.0          
-52.298193695          709.0          
-52.0463294648          709.0          
-51.7944652308          709.0          
-51.5426009838          708.0          
-51.2907367311          708.0          
-51.0388724692          708.0          
-50.7870081961          708.0          
-50.5351439174          709.0          
-50.2832796257          708.0          
-50.0314153302          708.0          
-49.7795510236          708.0          
-49.5276867077          708.0          
-49.2758223824          708.0          
-49.0239580497          708.0          
-48.7720937077          710.0          
-48.5202293564          709.0          
-48.2683649976          708.0          
-48.0165006295          709.0          
-47.7646362521          708.0          
-47.5487524942          708.0          
-47.2968881          708.0          
-47.0450236984          708.0          
-46.7931592856          708.0          
-46.5412948672          708.0          
-46.2894304376          708.0          
-46.0375660006          708.0          
-45.7857015543          710.0          
-45.5338370986          709.0          
-45.2819726337          708.0          
-45.0301081613          708.0          
-44.7782436814          708.0          
-44.5263791904          709.0          
-44.2745146919          708.0          
-44.0226501841          708.0          
-43.7707856651          710.0          
-43.5189211406          708.0          
-43.2670566067          709.0          
-43.0151920635          708.0          
-42.763327511          710.0          
-42.5474436022          708.0          
-42.2955790348          709.0          
-42.0437144581          708.0          
-41.7918498721          708.0          
-41.5399852786          708.0          
-41.2881206721          708.0          
-41.0362560619          709.0          
-40.7843914405          709.0          
-40.5325268097          709.0          
-40.2806621697          708.0          
-40.028797524          709.0          
-39.7769328672          708.0          
-39.525068203          708.0          
-39.2732035294          709.0          
-39.0213388447          708.0          
-38.7694741543          709.0          
-38.5176094528          708.0          
-38.2657447439          710.0          
-38.0138800256          708.0          
-37.7979959752          708.0          
-37.5461312421          712.0          
-37.2942664977          709.0          
-37.0424017459          709.0          
-36.7905369848          708.0          
-36.5386722162          709.0          
-36.2868074384          708.0          
-36.0349426493          709.0          
-35.7830778547          710.0          
-35.5312130507          710.0          
-35.2793482356          710.0          
-35.027483413          709.0          
-34.775618583          710.0          
-34.5237537418          713.0          
-34.2718888931          710.0          
-34.020024037          709.0          
-33.7681591697          709.0          
-33.516294295          711.0          
-33.2644294109          711.0          
-33.0485452171          710.0          
-32.7966803182          710.0          
-32.5448154081          708.0          
-32.2929504905          710.0          
-32.0410855636          709.0          
-31.7892206293          709.0          
-31.5373556819          709.0          
-31.2854907308          711.0          
-31.0336257704          711.0          
-30.7817607988          711.0          
-30.5298958197          712.0          
-30.2780308295          710.0          
-30.0261658337          710.0          
-29.7743008267          711.0          
-29.5224358123          710.0          
-29.2705707867          710.0          
-29.0187057555          712.0          
-28.7668407168          713.0          
-28.5149756651          714.0          
-28.263110606          711.0          
-28.0472262651          711.0          
-27.7953611892          712.0          
-27.5434961058          712.0          
-27.2916310113          712.0          
-27.0397659112          716.0          
-26.7879007999          715.0          
-26.5360356811          716.0          
-26.2841705531          712.0          
-26.0323054157          713.0          
-25.7804402728          711.0          
-25.5285751168          712.0          
-25.2767099552          717.0          
-25.0248447806          715.0          
-24.7729796004          710.0          
-24.5211144127          715.0          
-24.269249212          717.0          
-24.0173840038          721.0          
-23.7655187901          717.0          
-23.5136535652          718.0          
-23.297769079          723.0          
-23.0459038392          719.0          
-22.79403859          711.0          
-22.5421733279          722.0          
-22.290308062          721.0          
-22.0384427849          717.0          
-21.7865775004          720.0          
-21.5347122084          718.0          
-21.2828469034          719.0          
-21.030981591          719.0          
-20.7791162711          717.0          
-20.5272509437          712.0          
-20.2753856033          720.0          
-20.0235202592          716.0          
-19.771654902          716.0          
-19.5197895393          721.0          
-19.2679241672          718.0          
-19.016058784          722.0          
-18.7641933914          718.0          
-18.5483087655          723.0          
-18.2964433581          721.0          
-18.0445779413          715.0          
-17.7927125171          719.0          
-17.5408470854          721.0          
-17.2889816407          720.0          
-17.0371161923          723.0          
-16.7852507289          717.0          
-16.5333852619          719.0          
-16.2815197855          717.0          
-16.029654298          724.0          
-15.777788803          719.0          
-15.5259232987          717.0          
-15.2740577869          720.0          
-15.022192264          719.0          
-14.7703267355          714.0          
-14.5184611958          720.0          
-14.2665956486          717.0          
-14.0147300921          721.0          
-13.7988453209          716.0          
-13.5469797458          716.0          
-13.2951141652          720.0          
-13.0432485752          716.0          
-12.791382974          714.0          
-12.5395173673          722.0          
-12.2876517493          719.0          
-12.0357861239          723.0          
-11.7839204893          725.0          
-11.5320548434          722.0          
-11.2801891938          720.0          
-11.028323533          716.0          
-10.7764578611          719.0          
-10.5245921835          721.0          
-10.2727264967          725.0          
-10.0208608005          718.0          
-9.76899509504          721.0          
-9.51712938026          712.0          
-9.26526365802          718.0          
-9.01339792646          718.0          
-8.79751300626          723.0          
-8.54564725794          722.0          
-8.29378150217          726.0          
-8.04191573709          718.0          
-7.7900499627          731.0          
-7.53818417713          722.0          
-7.28631838597          731.0          
-7.03445258737          722.0          
-6.78258677572          723.0          
-6.53072095849          727.0          
-6.27885513008          732.0          
-6.02698929608          729.0          
-5.77512345277          724.0          
-5.52325759642          730.0          
-5.27139173448          727.0          
-5.01952586323          728.0          
-4.76765998453          732.0          
-4.51579409465          727.0          
-4.26392819732          728.0          
-4.04804313555          732.0          
-3.7961772196          727.0          
-3.54431129806          725.0          
-3.29244536534          726.0          
-3.04057942703          727.0          
-2.78871347941          740.0          
-2.53684752062          730.0          
-2.28498155437          734.0          
-2.03311557695          733.0          
-1.78124959394          746.0          
-1.52938359976          779.0          
-1.27751759812          800.0          
-1.02565158904          848.0          
-0.773785568774          1004.0          
-0.521919541061          1239.0          
-0.270053502172          1499.0          
-0.0181874576956          1724.0          
0.23367859982          1615.0          
0.48554466106          1294.0          
0.701429864392          1084.0          
0.953295946121          865.0          
1.20516203344          795.0          
1.45702813379          772.0          
1.70889423788          751.0          
1.960760355          750.0          
2.2126264777          743.0          
2.46449260972          741.0          
2.71635875106          737.0          
2.96822489984          739.0          
3.22009106167          725.0          
3.47195722908          717.0          
3.72382340766          725.0          
3.97568959184          728.0          
4.22755578533          730.0          
4.47942198813          727.0          
4.73128820024          728.0          
4.98315442167          722.0          
5.23502065055          727.0          
5.48688688874          726.0          
5.70277224295          733.0          
5.9546384979          723.0          
6.20650476217          738.0          
6.45837103389          738.0          
6.71023731679          737.0          
6.96210360527          727.0          
7.21396990307          731.0          
7.46583621204          738.0          
7.71770252846          730.0          
7.96956885234          727.0          
8.22143518738          728.0          
8.47330152802          723.0          
8.7251678817          726.0          
8.97703424282          729.0          
9.22890060954          721.0          
9.48076698929          723.0          
9.73263337649          720.0          
9.98449976929          730.0          
10.2363661751          733.0          
10.4522516709          721.0          
10.7041180898          722.0          
10.9559845217          732.0          
11.2078509592          719.0          
11.4597174078          728.0          
11.7115838621          723.0          
11.9634503294          726.0          
12.2153168023          725.0          
12.4671832826          725.0          
12.719049776          721.0          
12.9709162749          723.0          
13.2227827851          717.0          
13.4746493008          720.0          
13.7265158258          721.0          
13.9783823621          719.0          
14.2302489076          729.0          
14.4821154606          724.0          
14.7339820191          734.0          
14.9858485907          736.0          
15.2017342299          723.0          
15.4536008164          734.0          
15.7054674122          730.0          
15.9573340155          729.0          
16.20920063          727.0          
16.4610672519          733.0          
16.7129338812          731.0          
16.9648005217          741.0          
17.2166671697          734.0          
17.468533827          729.0          
17.7204004917          731.0          
17.9722671676          738.0          
18.224133851          726.0          
18.4760005437          728.0          
18.7278672438          741.0          
18.9797339533          729.0          
19.2316006739          728.0          
19.4834674019          736.0          
19.7353341375          725.0          
19.9512199182          735.0          
20.2030866705          731.0          
20.4549534321          735.0          
20.706820203          732.0          
20.9586869832          734.0          
21.210553769          732.0          
21.4624205679          735.0          
21.7142873723          727.0          
21.9661541861          737.0          
22.2180210091          724.0          
22.4698878434          728.0          
22.7217546813          733.0          
22.9736215305          736.0          
23.2254883908          738.0          
23.4773552567          726.0          
23.7292221338          725.0          
23.9810890183          723.0          
24.2329559103          732.0          
24.4848228134          728.0          
24.7366897259          733.0          
24.9525756538          726.0          
25.204442583          724.0          
25.4563095197          714.0          
25.7081764657          732.0          
25.9600434173          720.0          
26.2119103819          718.0          
26.4637773521          723.0          
26.7156443335          723.0          
26.9675113223          724.0          
27.2193783186          714.0          
27.471245328          721.0          
27.7231123429          717.0          
27.9749793671          718.0          
28.2268463988          718.0          
28.4787134416          720.0          
28.7305804919          719.0          
28.9824475516          720.0          
29.2343146205          710.0          
29.4861816969          713.0          
29.7020677719          712.0          
29.9539348651          716.0          
30.2058019657          713.0          
30.4576690774          714.0          
30.7095361985          716.0          
30.9614033271          718.0          
31.213270463          715.0          
31.4651376102          714.0          
31.7170047648          716.0          
31.9688719288          716.0          
32.220739102          713.0          
32.4726062827          713.0          
32.7244734727          713.0          
32.9763406739          717.0          
33.2282078806          712.0          
33.4800750967          714.0          
33.7319423221          715.0          
33.9838095568          716.0          
34.2356768008          719.0          
34.4515630174          712.0          
34.7034302745          712.0          
34.9552975446          715.0          
35.2071648203          718.0          
35.4590321071          713.0          
35.7108994015          719.0          
35.9627667069          712.0          
36.214634018          714.0          
36.4665013384          715.0          
36.7183686681          710.0          
36.9702360053          714.0          
37.2221033555          712.0          
37.4739707112          714.0          
37.7258380763          714.0          
37.9777054507          712.0          
38.2295728326          708.0          
38.4814402256          713.0          
38.7333076242          711.0          
38.985175034          714.0          
39.2370424513          708.0          
39.4529288169          708.0          
39.7047962509          713.0          
39.9566636942          709.0          
40.2085311469          710.0          
40.460398607          708.0          
40.7122660745          711.0          
40.9641335551          710.0          
41.2160010412          710.0          
41.4678685386          710.0          
41.7197360415          708.0          
41.9716035575          710.0          
42.2234710772          712.0          
42.4753386118          712.0          
42.7272061501          709.0          
42.9790736977          711.0          
43.2309412565          709.0          
43.4828088209          708.0          
43.7346763983          712.0          
43.9865439814          710.0          
44.2024304904          709.0          
44.4542980883          708.0          
44.7061656993          708.0          
44.9580333158          710.0          
45.2099009417          710.0          
45.4617685806          710.0          
45.7136362232          709.0          
45.9655038752          708.0          
46.2173715383          710.0          
46.469239207          708.0          
46.7211068887          710.0          
46.9729745761          709.0          
47.2248422746          709.0          
47.4767099787          710.0          
47.7285776939          710.0          
47.9804454185          709.0          
48.2323131487          711.0          
48.4841808919          710.0          
48.7360486407          709.0          
48.9519352894          710.0          
49.2038030587          708.0          
49.4556708317          708.0          
49.7075386178          708.0          
49.9594064075          710.0          
50.2112742122          708.0          
50.4631420225          711.0          
50.7150098402          709.0          
50.9668776691          710.0          
51.2187455036          709.0          
51.4706133511          709.0          
51.7224812042          708.0          
51.9743490685          710.0          
52.2262169402          709.0          
52.4780848213          708.0          
52.7299527116          710.0          
52.9818206076          708.0          
53.2336885165          709.0          
53.4855564311          708.0          
53.7014432233          708.0          
53.9533111565          710.0          
54.2051790971          709.0          
54.4570470471          710.0          
54.7089150045          709.0          
54.960782975          708.0          
55.2126509491          709.0          
55.4645189364          708.0          
55.7163869292          708.0          
55.9682549313          709.0          
56.2201229446          710.0          
56.4719909634          708.0          
56.7238589916          708.0          
56.9757270291          709.0          
57.227595076          708.0          
57.479463134          708.0          
57.7313311975          708.0          
57.9831992704          709.0          
58.2350673508          710.0          
58.4869354442          710.0          
58.7028223854          708.0          
58.9546904899          709.0          
59.2065586075          710.0          
59.4584267326          708.0          
59.7102948651          708.0          
59.9621630087          710.0          
60.2140311599          710.0          
60.4658993203          709.0          
60.7177674882          708.0          
60.9696356673          708.0          
61.2215038519          708.0          
61.4733720478          708.0          
61.725240251          708.0          
61.9771084655          708.0          
62.2289766856          708.0          
62.4808449149          708.0          
62.7327131554          709.0          
62.9845814016          709.0          
63.2364496607          708.0          
63.4523367435          709.0          
63.7042050175          708.0          
63.9560732991          708.0          
64.207941588          708.0          
64.4598098882          708.0          
64.7116781957          708.0          
64.9635465145          709.0          
65.2154148407          709.0          
65.4672831744          708.0          
65.7191515192          708.0          
65.9710198715          708.0          
66.2228882313          708.0          
66.4747566022          709.0          
66.7266249824          708.0          
66.9784933683          708.0          
67.2303617653          708.0          
67.4822301697          709.0          
67.7340985835          708.0          
67.9859670065          708.0          
68.2018542327          710.0          
68.4537226725          708.0          
68.7055911198          708.0          
68.9574595783          709.0          
69.2093280423          709.0          
69.4611965157          708.0          
69.7130650003          709.0          
69.9649334922          708.0          
70.2168019935          709.0          
70.4686705023          709.0          
70.7205390204          708.0          
70.9724075478          708.0          
71.2242760826          708.0          
71.4761446286          708.0          
71.7280131821          708.0          
71.9798817448          708.0          
72.2317503151          708.0          
72.4836188965          709.0          
72.7354874853          708.0          
72.951374853          708.0          
73.2032434586          708.0          
73.4551120717          708.0          
73.7069806941          708.0          
73.9588493258          708.0          
74.2107179668          708.0          
74.4625866171          708.0          
74.714455273          710.0          
74.9663239401          708.0          
75.2181926165          708.0          
75.4700613022          708.0          
75.7219299935          708.0          
75.9737986941          708.0          
76.2256674059          708.0          
76.4775361251          708.0          
76.7294048537          708.0          
76.9812735915          708.0          
77.2331423368          708.0          
77.4850110915          708.0          
77.7368798573          708.0          
77.952767374          708.0          
78.2046361547          708.0          
78.4565049428          708.0          
78.7083737403          708.0          
78.9602425471          708.0          
79.2121113613          708.0          
79.4639801849          708.0          
79.7158490196          708.0          
72720.0          666.0          
133320.0          541.0          
206040.0          433.0          
266640.0          230.0          
339360.0          96.0          
399960.000004          54.0          
472680.000004          15.0          
533280.0          6.0          
606000.0          2.0          
666600.0          1.0          
739320.0          2.0          
799920.0          0.0          
872640.0          4.0          
933240.000004          0.0          
1005960.0          0.0          
1066560.0          0.0          
1139280.0          2.0          
1212000.0          0.0          
1272600.0          1.0          
1345320.0          0.0          
1405920.0          0.0          
1478640.0          1.0          
1539240.0          0.0          
1611960.0          1.0          
1672560.0          0.0          
1745280.0          1.0          
1805880.0          0.0          
1878600.0          1.0          
1939200.0          0.0          
2011920.0          0.0          
2072520.0          0.0          
2145240.0          0.0          
2205840.0          0.0          
2278560.0          1.0          
2339160.0          0.0          
2411880.0          0.0          
2484600.0          0.0          
2545200.0          0.0          
2617920.0          0.0          
2678520.0          0.0          
2751240.0          0.0          
2811840.0          0.0          
2884560.0          1.0          
2945160.0          1.0          
3017880.0          1.0          
3078480.0          1.0          
3151200.0          0.0          
3211800.0          0.0          
3284520.0          1.0          
3345120.0          2.0          
3417840.0          0.0          
3478440.0          0.0          
3551160.0          0.0          
3623880.0          0.0          
3684480.0          0.0          
3757200.0          2.0          
3817800.0          0.0          
3890520.0          0.0          
3951120.0          1.0          
4023840.0          1.0          
4084440.0          1.0          
4157160.0          0.0          
4217760.0          0.0          
4290480.0          0.0          
4351080.0          0.0          
4423800.0          1.0          
4484400.0          1.0          
4557120.0          1.0          
4617720.0          0.0          
4690440.0          1.0          
4751040.0          2.0          
4823760.0          0.0          
4896480.0          2.0          
4957080.0          0.0          
5029800.0          0.0          
5090400.0          0.0          
5163120.0          0.0          
5223720.0          1.0          
5296440.0          0.0          
5357040.0          3.0          
5429760.0          1.0          
5490360.0          0.0          
5563080.0          0.0          
5623680.0          0.0          
5696400.0          0.0          
5757000.0          0.0          
5829720.0          0.0          
5890320.0          0.0          
5963040.0          1.0          
6035760.0          0.0          
6096360.0          0.0          
6169080.0          0.0          
6229680.0          1.0          
6302400.0          2.0          
6363000.0          0.0          
6435720.0          0.0          
6496320.0          0.0          
6569040.0          0.0          
6629640.0          0.0          
6702360.0          2.0          
6762960.0          0.0          
6835680.0          0.0          
6896280.0          1.0          
6969000.0          1.0          
7029600.0          0.0          
7102320.0          0.0          
7175040.0          1.0          
7235640.0          0.0          
7308360.0          0.0          
7368960.0          0.0          
7441680.0          1.0          
7502280.0          0.0          
7575000.0          1.0          
7635600.0          0.0          
7708320.0          0.0          
7768920.0          3.0          
7841640.0          0.0          
7902240.0          0.0          
7974960.0          0.0          
8035560.0          0.0          
8108280.0          0.0          
8168880.0          1.0          
8241600.0          0.0          
8302200.0          0.0          
8374920.0          1.0          
8447640.0          0.0          
8508240.0          0.0          
8580960.0          1.0          
8641560.0          0.0          
8714280.0          2.0          
8774880.0          1.0          
8847600.0          1.0          
8908200.0          1.0          
8980920.0          0.0          
9041520.0          0.0          
9114240.0          0.0          
9174840.0          0.0          
9247560.0          0.0          
9308160.0          0.0          
9380880.0          0.0          
9441480.0          0.0          
9514200.0          0.0          
9586920.0          3.0          
9647520.0          0.0          
9720240.0          0.0          
9780840.0          0.0          
9853560.0          1.0          
9914160.0          0.0          
9986880.0          1.0          
10047480.0          1.0          
10120200.0          0.0          
10180800.0          1.0          
10253520.0          0.0          
10314120.0          0.0          
10386840.0          0.0          
10447440.0          0.0          
10520160.0          1.0          
10580760.0          0.0          
10653480.0          0.0          
10714080.0          0.0          
10786800.0          0.0          
10859520.0          1.0          
10920120.0          0.0          
10992840.0          2.0          
11053440.0          1.0          
11126160.0          1.0          
11186760.0          1.0          
11259480.0          1.0          
11320080.0          0.0          
11392800.0          0.0          
11453400.0          0.0          
11526120.0          1.0          
11586720.0          0.0          
11659440.0          0.0          
11720040.0          0.0          
11792760.0          1.0          
11853360.0          2.0          
11926080.0          1.0          
11998800.0          2.0          
12059400.0          0.0          
12132120.0          0.0          
12192720.0          0.0          
12265440.0          2.0          
12326040.0          1.0          
12398760.0          2.0          
12459360.0          2.0          
12532080.0          1.0          
12592680.0          0.0          
12665400.0          2.0          
12726000.0          0.0          
12798720.0          0.0          
12859320.0          0.0          
12932040.0          2.0          
12992640.0          1.0          
13065360.0          0.0          
13125960.0          0.0          
13198680.0          1.0          
13271400.0          0.0          
13332000.0          1.0          
13404720.0          1.0          
13465320.0          0.0          
13538040.0          0.0          
13598640.0          0.0          
13671360.0          0.0          
13731960.0          1.0          
13804680.0          2.0          
13865280.0          1.0          
13938000.0          1.0          
13998600.0          0.0          
14071320.0          1.0          
14131920.0          0.0          
14204640.0          0.0          
14265240.0          0.0          
14337960.0          0.0          
14410680.0          0.0          
14471280.0          1.0          
14544000.0          2.0          
14604600.0          0.0          
14677320.0          0.0          
14737920.0          0.0          
14810640.0          1.0          
14871240.0          0.0          
14943960.0          1.0          
15004560.0          0.0          
15077280.0          0.0          
15137880.0          0.0          
15210600.0          0.0          
15271200.0          0.0          
15343920.0          0.0          
15404520.0          1.0          
15477240.0          0.0          
15549960.0          0.0          
15610560.0          0.0          
15683280.0          0.0          
15743880.0          1.0          
15816600.0          2.0          
15877200.0          1.0          
15949920.0          0.0          
16010520.0          2.0          
16083240.0          0.0          
16143840.0          2.0          
16216560.0          0.0          
16277160.0          2.0          
16349880.0          0.0          
16410480.0          1.0          
16483200.0          0.0          
16543800.0          0.0          
16616520.0          0.0          
16677120.0          0.0          
16749840.0          0.0          
16822560.0          0.0          
16883160.0          1.0          
16955880.0          0.0          
17016480.0          0.0          
17089200.0          1.0          
17149800.0          1.0          
17222520.0          0.0          
17283120.0          0.0          
17355840.0          3.0          
17416440.0          3.0          
17489160.0          0.0          
17549760.0          2.0          
17622480.0          0.0          
17683080.0          1.0          
17755800.0          0.0          
17816400.0          1.0          
17889120.0          0.0          
17961840.0          0.0          
18022440.0          0.0          
18095160.0          2.0          
18155760.0          0.0          
18228480.0          0.0          
18289080.0          0.0          
18361800.0          2.0          
18422400.0          1.0          
18495120.0          3.0          
18555720.0          1.0          
18628440.0          0.0          
18689040.0          1.0          
18761760.0          0.0          
18822360.0          0.0          
18895080.0          3.0          
18955680.0          1.0          
19028400.0          0.0          
19089000.0          2.0          
19161720.0          0.0          
19234440.0          0.0          
19295040.0          1.0          
19367760.0          0.0          
19428360.0          1.0          
19501080.0          0.0          
19561680.0          0.0          
19634400.0          0.0          
19695000.0          1.0          
19767720.0          1.0          
19828320.0          1.0          
19901040.0          1.0          
19961640.0          1.0          
20034360.0          0.0          
20094960.0          0.0          
20167680.0          1.0          
20228280.0          0.0          
20301000.0          1.0          
20373720.0          0.0          
20434320.0          0.0          
20507040.0          0.0          
20567640.0          0.0          
20640360.0          0.0          
20700960.0          1.0          
20773680.0          0.0          
20834280.0          0.0          
20907000.0          0.0          
20967600.0          1.0          
21040320.0          0.0          
21100920.0          1.0          
21173640.0          1.0          
21234240.0          0.0          
21306960.0          0.0          
21367560.0          0.0          
21440280.0          1.0          
