#Files Included:
#3idb_0031-LaFeSi.mda
#scan_0009.mda
#scan_0018.mda
#Energy= Column: 1
#Signal= Column: 2
-83.49646255          0.0          
-83.2447236665          0.0          
-82.9929847717          0.0          
-82.7412458695          0.0          
-82.4895069599          0.0          
-82.237768041          0.0          
-81.9860291127          1.0          
-81.7342901751          0.0          
-81.4825512283          0.0          
-81.2308122758          0.0          
-80.9790733121          0.0          
-80.727334341          0.0          
-80.4755953588          0.0          
-80.223856369          0.0          
-79.9721173719          1.0          
-79.7563410792          0.0          
-79.5046020653          0.0          
-79.2528630421          0.0          
-79.0011240076          0.0          
-78.7493849676          0.0          
-78.4976459164          0.0          
-78.2459068596          0.0          
-77.9941677917          0.0          
-77.7424287163          0.0          
-77.4906896316          0.772813914139          
-77.2389505375          1.61359471916          
-76.987211436          0.613596395397          
-76.7354723234          0.0          
-76.4837332014          1.0          
-76.2319940738          0.475118526646          
-75.9802549351          0.446270535413          
-75.7285157889          0.0          
-75.4767766334          0.0          
-75.2250374686          1.0          
-74.9732982945          0.0          
-74.7215591129          1.0          
-74.5057826638          1.47173605804          
-74.2540434655          0.528757218502          
-74.0023042597          1.38638377199          
-73.7505650446          2.0          
-73.4988258202          1.0          
-73.2470865864          0.613621244767          
-72.9953473452          0.0          
-72.7436080948          0.772750799823          
-72.4918688349          1.22725254356          
-72.240129564          0.0          
-71.9883902874          0.0          
-71.7366510015          0.386368716008          
-71.4849117063          0.613632955682          
-71.2331724036          0.542877344525          
-70.9814330917          1.52922083291          
-70.7296937704          0.863586822099          
-70.4779544417          1.0          
-70.2262151018          0.0          
-69.9744757526          0.605714195236          
-69.7227363959          0.923991558689          
-69.4709970318          0.470789206306          
-69.2552204262          1.38635221486          
-69.0034810435          0.613649453969          
-68.7517416533          0.0          
-68.5000022557          1.0          
-68.2482628468          0.0          
-67.9965234306          0.0          
-67.7447840031          0.0          
-67.4930445701          0.457994729899          
-67.2413051259          0.542498545334          
-66.9895656742          0.0          
-66.7378262132          0.386335487212          
-66.4860867448          1.14569140995          
-66.2343472671          0.401614519561          
-65.9826077782          0.0          
-65.7308682818          0.597398935215          
-65.479128778          0.403094347002          
-65.227389263          0.0          
-64.9756497424          1.0          
-64.7239102107          0.0          
-64.4721706714          0.0          
-64.256393915          0.0          
-64.0046543591          0.0          
-63.7529147957          1.0          
-63.5011752211          0.0          
-63.249435639          0.0          
-62.9976960476          0.0          
-62.745956447          0.0          
-62.494216837          0.386307294541          
-62.2424772196          1.61369438169          
-61.9907375928          0.38630394377          
-61.7389979586          0.613697739855          
-61.4872583132          0.906898209911          
-61.2355186585          1.02511067403          
-60.9837789983          1.38629724795          
-60.7320393268          0.549321825472          
-60.4802996479          0.0          
-60.2285599615          1.0          
-59.976820264          0.0          
-59.725080559          0.0          
-59.4733408429          0.529144353727          
-59.2216011193          1.0          
-59.0058242083          1.0          
-58.754084466          0.613717562128          
-58.5023447201          0.880755311128          
-58.2506049611          1.50651030593          
-57.9988651965          0.613722590802          
-57.7471254207          0.438897827757          
-57.4953856375          1.56159545364          
-57.2436458468          0.0          
-56.991906045          0.386270717922          
-56.7401662339          1.0          
-56.4884264152          0.613732628302          
-56.2366865873          0.0          
-55.9849467501          1.0          
-55.7332069054          2.0          
-55.4814670514          0.0          
-55.22972719          0.0          
-54.9779873192          1.0          
-54.7262474392          0.0          
-54.4745075479          0.575342357861          
-54.2227676492          1.0          
-53.9710277449          0.954751986557          
-53.7552506737          1.3862492092          
-53.5035107508          1.6580875052          
-53.2517708186          0.569910708035          
-53.0000308789          0.0          
-52.7482909299          0.386242508847          
-52.4965509698          0.613759153752          
-52.244811004          2.42811617833          
-51.9930710271          1.38623749834          
-51.7413310427          2.04377741593          
-51.489591049          1.0          
-51.2378510479          0.0          
-50.9861110374          0.38623079514          
-50.7343710158          1.1817845246          
-50.4826309886          0.883078324579          
-50.2308909521          0.470917080841          
-49.9791509062          0.566533806751          
-49.7274108492          1.43395946212          
-49.4756707847          0.0          
-49.2239307128          1.09413021922          
-48.9721906334          0.906364749954          
-48.7204505429          1.52907288348          
-48.5046733152          1.0345731611          
-48.2529332079          0.579705805954          
-48.0011930931          0.0          
-47.7494529691          1.0          
-47.4977128357          1.0          
-47.2459726948          1.38620593855          
-46.9942325447          1.61379573767          
-46.7424923852          0.0          
-46.4907522164          0.386200924689          
-46.2390120383          1.17300585946          
-45.9872718547          0.441288166341          
-45.7355316598          1.55821855692          
-45.4837914556          0.442274716525          
-45.232051244          0.0          
-44.9803110231          0.0          
-44.7285707928          1.5562454453          
-44.4768305551          2.0          
-44.22509031          1.0          
-43.9733500518          1.50331705164          
-43.721609788          2.47096033982          
-43.5058324113          1.41099237773          
-43.2540921289          2.61382058683          
-43.002351841          0.97617191098          
-42.7506115418          1.0          
-42.4988712315          2.40901927567          
-42.2471309174          3.77234542568          
-41.9953905921          4.84148686289          
-41.7436502595          1.22194215923          
-41.4919099156          2.22766460438          
-41.2401695643          3.58380612316          
-40.9884292055          2.41816871089          
-40.7366888355          0.0          
-40.4849484563          1.54793019186          
-40.2332080696          1.99795613858          
-39.9814676754          1.90611275138          
-39.7297272719          1.54645034497          
-39.4779868573          3.45404292427          
-39.2262464371          1.01645401288          
-38.9745060038          4.58702435083          
-38.7227655668          4.48646437778          
-38.4710251167          3.47099523655          
-38.2552475818          2.58473816035          
-38.0035071168          1.40021073691          
-37.7517666463          2.21413971845          
-37.5000261627          0.386141167928          
-37.2482856736          1.15544854364          
-36.9965451732          1.54109476079          
-36.7448046654          2.38613614265          
-36.4930641484          2.91978360357          
-36.2413236219          4.62382233081          
-35.9895830862          8.07125115154          
-35.7378425431          2.61975998207          
-35.4861019906          2.30348156394          
-35.2343614288          1.92376792719          
-34.9826208577          5.08667002565          
-34.7308802791          3.53665525759          
-34.4791396912          2.3915140532          
-34.2273990978          2.13598262347          
-33.9756584931          2.92344864843          
-33.7239178754          4.6097553736          
-33.472177254          4.39743340357          
-33.2563995719          5.39570485809          
-33.00465893          3.38180693874          
-32.7529182825          4.45490941895          
-32.5011776257          6.23992966677          
-32.2494369596          5.51916080887          
-31.9976962861          2.79220559778          
-31.7459556032          5.59241916331          
-31.494214911          7.53031311283          
-31.2424742114          9.32645992137          
-30.9907335006          6.18421616368          
-30.7389927823          6.57094819328          
-30.4872520547          4.41497998465          
-30.2355113216          3.88357261231          
-29.9837705754          10.5044950277          
-29.7320298217          10.9091918246          
-29.4802890588          8.89195433296          
-29.2285482865          5.94211331975          
-28.9768075068          5.0          
-28.7250667196          9.0578799794          
-28.4733259231          10.5198492307          
-28.2215851154          13.0          
-28.005807275          9.53885472223          
-27.7540664524          14.2296216863          
-27.5023256224          14.341092455          
-27.2505847812          8.48193984377          
-26.9988439325          7.22145148979          
-26.7471030764          11.1161864996          
-26.4953622073          11.0237540857          
-26.2436213326          16.3237750584          
-25.9918804485          15.3326660974          
-25.7401395552          16.690089716          
-25.4883986525          14.9841242934          
-25.2366577405          12.8779242808          
-24.984916823          6.90361634125          
-24.7331758942          13.5186593396          
-24.4814349581          16.5867353597          
-24.2296940126          18.9293481791          
-23.9779530596          13.8665190188          
-23.7262120955          11.4987228585          
-23.4744711239          12.0          
-23.2227301411          14.6445171178          
-22.9709891509          16.471098249          
-22.755211154          17.2806709127          
-22.503470147          25.6768983971          
-22.2517291326          22.1715583207          
-21.9999881089          14.2513426561          
-21.7482470758          20.2384243407          
-21.4965060353          18.4718181902          
-21.2447649874          25.9097063457          
-20.9930239283          25.7880434553          
-20.7412828598          20.5626052978          
-20.4895417839          20.8597786985          
-20.2378006987          26.2968224569          
-19.9860596023          28.5984487112          
-19.7343185004          23.1067069301          
-19.482577391          21.6353716718          
-19.2308362704          19.1280743779          
-18.9790951405          25.9075842151          
-18.7273540031          26.5712484657          
-18.4756128546          24.2450070624          
-18.2238717005          25.4059341924          
-17.9721305352          23.8844347642          
-17.7563523874          27.586921351          
-17.5046112072          23.2865212597          
-17.2528700177          35.497592332          
-17.0011288207          30.9261958554          
-16.7493876126          30.0785103913          
-16.497646397          30.3767232744          
-16.2459051739          28.6166073525          
-15.9941639397          33.2718202805          
-15.7424226962          36.2769611215          
-15.4906814452          29.3326078089          
-15.2389401849          29.0184626801          
-14.9871989172          28.8880233763          
-14.7354576401          33.1579695979          
-14.4837163538          33.7189684271          
-14.23197506          38.0066876905          
-13.980233755          39.9759703213          
-13.7284924444          45.4738069862          
-13.4767511208          57.9325797055          
-13.2250097916          63.8544431177          
-12.9732684512          65.5621111664          
-12.7215271033          63.5219523619          
-12.5057487991          57.1303485384          
-12.2540074345          63.3494672885          
-12.0022660624          65.7693308829          
-11.7505246811          81.6558520036          
-11.4987832904          74.7386362252          
-11.2470418904          79.9771887681          
-10.995300483          94.8167543966          
-10.7435590662          80.401946237          
-10.4918176401          89.2177214574          
-10.2400762066          75.2756127523          
-9.9883347638          62.5362339868          
-9.73659331165          62.8877064875          
-9.4848518502          53.5627910933          
-9.23311038129          54.1519519002          
-8.98136890121          71.5414001233          
-8.72962741554          57.6120962755          
-8.47788592055          51.5086185359          
-8.2261444144          62.366263058          
-7.97440290079          64.1834316896          
-7.72266137972          58.4263244571          
-7.47091984749          55.2342986753          
-7.2551413849          53.3500059604          
-7.00339983776          61.2281230367          
-6.75165828317          53.3859367981          
-6.49991671741          56.8342731211          
-6.24817514047          56.298465765          
-5.99643355981          52.9917454248          
-5.74469196796          48.3656990475          
-5.49295036867          58.6711223369          
-5.24120875821          51.4197547313          
-4.98946714029          39.0644097369          
-4.73772551678          37.2497315161          
-4.48598387837          50.545757708          
-4.23424223438          62.2003464771          
-3.98250058107          77.5180011053          
-3.73075892031          68.7727374155          
-3.47901725024          56.9962520914          
-3.22727556899          67.3450446864          
-2.97553388216          92.8185329343          
-2.72379218414          70.9459194153          
-2.47205047868          92.0274053474          
-2.25627186522          116.635168023          
-2.00453014486          120.49648342          
-1.75278841332          156.318710803          
-1.50104667433          201.708720188          
-1.24930492602          300.793959801          
-0.997563168406          452.751368221          
-0.745821401477          867.192422102          
-0.494079628959          1550.9645067          
-0.242337845266          2284.84208817          
0.00940394774079          2608.79045501          
0.261145750061          2335.29241141          
0.512887559831          1584.32738021          
0.764629378915          890.326016602          
1.01637120731          412.711595387          
1.26811304316          233.4783298          
1.51985488832          161.554440547          
1.77159674279          127.298838866          
2.02333860658          94.5427653296          
2.27508047596          91.9792013376          
2.52682235651          88.5118885325          
2.77856424637          82.7080102627          
2.9943430163          63.7515155107          
3.24608492106          64.4079071352          
3.49782683514          67.4454546514          
3.74956875667          62.237197178          
4.00131068937          70.0784782165          
4.25305263139          66.2989543108          
4.50479458086          51.1478246964          
4.75653653964          63.2204122046          
5.00827850774          65.4850511774          
5.26002048142          65.9941937489          
5.51176246628          75.3834104941          
5.76350446045          73.6287985812          
6.01524646208          67.1567771602          
6.26698847115          55.8499717929          
6.51873049326          80.1716551222          
6.77047252283          83.4772963039          
7.02221455984          75.114724615          
7.27395660616          83.6980354968          
7.52569865994          88.3203365848          
7.77744072489          82.5557120056          
8.0291827973          82.5479726202          
8.24496172369          80.2811203523          
8.49670381285          77.6849872221          
8.74844590947          66.0          
9.0001880154          83.5168352121          
9.25193013065          74.1210563987          
9.50367225707          84.4773128124          
9.75541438907          86.5845513874          
10.0071565323          106.06348671          
10.258898681          105.655204232          
10.5106408391          106.276097956          
10.7623830084          110.777158865          
11.0141251869          118.882491886          
11.2658673711          110.663781934          
11.5176095665          117.053909397          
11.7693517692          92.2389041507          
12.0210939813          102.056090852          
12.2728362028          90.3035150399          
12.5245784316          99.8261659021          
12.7763206698          96.171122355          
13.0280629173          97.2993056077          
13.2438419927          93.7847359901          
13.4955842569          92.326471789          
13.7473265287          75.4463357328          
13.9990688115          68.8910602464          
14.2508111          59.2106361805          
14.5025533997          59.0703183761          
14.7542957067          50.1121033753          
15.0060380232          50.2789813933          
15.2577803489          48.9135587084          
15.5095226821          59.5656478354          
15.7612650245          60.101450511          
16.0130073763          60.7659575079          
16.2647497375          63.1057086574          
16.5164921079          57.7204297481          
16.7682344839          50.1640179164          
17.0199768711          46.8461564629          
17.2717192657          52.7162704952          
17.5234616734          41.1802909335          
17.7752040848          47.2469200682          
18.0269465074          46.7807182184          
18.2786889356          42.6034024272          
18.4944681711          31.7915959423          
18.7462106161          47.0881811657          
18.9979530722          48.6854060183          
19.2496955376          42.655229613          
19.5014380105          51.5908309479          
19.7531804927          46.8156564271          
20.0049229823          44.7932620853          
20.2566654831          38.4585472047          
20.5084079932          39.0995749252          
20.760150509          44.8261350662          
21.0118930358          51.526325355          
21.2636355702          57.4564118085          
21.5153781138          58.6219084993          
21.7671206668          49.7059280287          
22.0188632272          45.6430136231          
22.2706057969          48.4819280512          
22.522348376          48.8533206101          
22.7740909662          56.3630824186          
23.025833562          51.9428079061          
23.2775761671          40.9073766574          
23.5293187797          42.5245051128          
23.7450981718          32.5884198616          
23.9968408011          38.9865533516          
24.2485834397          26.2449381094          
24.5003260877          33.7156159236          
24.7520687468          37.2603020881          
25.0038114134          32.3251782241          
25.2555540856          31.4077910924          
25.5072967689          23.0882423783          
25.7590394616          28.2060246964          
26.0107821617          38.2109466744          
26.2625248712          32.9714439577          
26.5142675899          28.1023677152          
26.766010318          28.8981322418          
27.0177530535          34.017032188          
27.2694957983          33.3277036026          
27.5212385524          29.3451906812          
27.772981314          30.9866535346          
28.0247240849          30.7916329938          
28.2764668651          28.8263063938          
28.5282096528          23.4174421487          
28.7439891938          28.9734221848          
28.9957319982          24.8361476147          
29.247474812          19.8534504556          
29.499217635          20.3065985055          
29.7509604655          21.7959997844          
30.0027033072          20.29327068          
30.2544461563          25.2181174977          
30.5061890129          19.1789575716          
30.7579318807          22.4488103716          
31.0096747559          15.7236598639          
31.2614176404          19.3141049676          
31.5131605342          20.4572700347          
31.7649034355          17.7127522196          
32.0166463461          14.7089783256          
32.268389266          11.0747477988          
32.5201321933          15.1152224633          
32.77187513          19.1328371933          
33.023618076          15.7947789599          
33.2753610313          18.8237979342          
33.527103994          17.2539448512          
33.7788469661          15.6190651492          
33.9946266636          15.8983477169          
34.2463696543          12.9683345226          
34.4981126506          12.8020075729          
34.7498556562          12.0816012739          
35.0015986711          13.6143406902          
35.2533416934          13.7841161391          
35.505084727          13.904904979          
35.7568277679          13.0827890681          
36.0085708164          12.3772962541          
36.260313876          13.5472828107          
36.5120569449          10.9147772534          
36.7638000213          10.3856475947          
37.0155431051          10.9975696626          
37.2672862001          8.26554973916          
37.5190293025          9.72782360179          
37.7707724143          10.4055556206          
38.0225155372          9.90917259612          
38.2742586639          7.40654886172          
38.5260018036          4.54344392954          
38.7777449507          12.7343587155          
39.0294881035          10.803093015          
39.2452679612          10.5485952872          
39.4970111307          9.43516525516          
39.7487543114          6.21062068774          
40.0004975013          7.09071970387          
40.2522406988          6.0          
40.5039839055          8.61437727323          
40.7557271235          5.7603573117          
41.0074703488          8.79230087807          
41.2592135798          8.03868212387          
41.5109568238          7.79525721337          
41.7627000734          5.31353057456          
42.0144433323          3.68597112122          
42.2661866024          7.78588738948          
42.5179298799          6.03431705645          
42.7696731649          8.53008801626          
43.0214164611          8.99739357899          
43.2731597647          8.47153853201          
43.5249030776          9.11383917992          
43.7766463999          10.4118476048          
44.0283897296          6.42116990067          
44.2441697344          3.0          
44.4959130809          4.16942126845          
44.7476564366          2.24741160872          
44.9993997999          3.66097550588          
45.2511431724          5.0          
45.5028865561          4.95540473249          
45.7546299454          4.15676351794          
46.006373344          4.52131106154          
46.2581167519          4.45766204542          
46.5098601691          4.29149014197          
46.7616035938          2.57475639693          
47.0133470297          4.42425538468          
47.265090473          5.51884467758          
47.5168339256          4.96329719854          
47.7685773857          2.47156840845          
48.0203208569          5.12478476102          
48.2720643338          5.39160189943          
48.5238078199          2.96724343294          
48.7755513173          0.987460111355          
49.027294822          1.0          
49.2790383343          3.05684309834          
49.4948184974          1.71439839271          
49.7465620264          0.899543664772          
49.9983055647          1.10095129907          
50.2500491142          1.89855376637          
50.5017926693          2.0          
50.7535362355          2.0          
51.0052798092          3.38555294451          
51.2570233922          2.61444873167          
51.5087669846          3.3855495967          
51.7605105843          2.61445207662          
52.0122541934          3.38554625344          
52.2639978118          2.71986126382          
52.5157414377          1.78819840113          
52.7674850728          3.08427775255          
53.0192287173          1.03596644086          
53.2709723692          2.52839501922          
53.5227160323          1.43663010763          
53.7744597029          0.506089913533          
54.0262033828          3.0          
54.2779470701          2.52838832677          
54.4937273841          1.49531944367          
54.7454710864          1.61447192046          
54.9972147997          0.503693993917          
55.2489585243          1.38552474082          
55.5007022526          3.0          
55.7524459939          1.49778584026          
56.0041897409          1.3855197123          
56.2559334971          1.61448196219          
56.5076772645          1.1152179495          
56.7594210412          1.38551470481          
57.0111648235          1.50025223224          
57.262908617          0.61448864585          
57.514652418          0.884270892235          
57.7663962264          1.55024067209          
58.0181400459          1.0          
58.2698838729          1.0          
58.5216277093          1.03157202591          
58.7733715568          3.49629482266          
59.0251154117          1.42156486341          
59.2768592741          0.471644888602          
59.5286031459          0.0          
59.7443836126          1.3854948536          
59.9961275011          1.10840571579          
60.2478713989          0.89208589369          
60.4996153042          0.61451016298          
60.7513592206          3.26339541616          
61.0031031445          3.12258770313          
61.2548470739          0.614515182408          
61.5065910164          0.385483153365          
61.7583349645          1.38548147719          
62.0100789238          1.22904038548          
62.2618228886          0.0          
62.5135668665          1.38547645946          
62.76531085          1.61452522126          
63.0170548446          0.449718634153          
63.2687988468          0.471671422393          
63.5205428582          0.0          
63.772286877          0.528325228114          
64.0240309052          0.471676445307          
64.2757749427          0.0          
64.5275189895          0.627877037932          
64.7792630438          1.52831853527          
64.9950436708          1.61454003822          
65.2467877418          0.51638947134          
65.4985318221          0.868573860952          
65.7502759099          1.13192109974          
66.0020200089          0.867583954663          
66.2537641171          3.13291098546          
66.505508231          0.0          
66.757252356          0.0          
67.0089964885          1.0          
67.2607406303          1.0          
67.5124847814          0.0          
67.7642289419          0.385441564821          
68.0159731098          1.09274458648          
68.2677172851          0.522308811446          
68.5194614716          0.0          
68.7712056655          0.0          
69.0229498707          0.0          
69.2746940814          0.528288659012          
69.5264383033          0.471713010079          
69.7781825345          0.0          
69.9939633068          0.0          
70.2457075529          0.0          
70.4974518083          0.0          
70.749196073          0.0          
71.0009403452          0.472335600298          
71.2526846267          1.0          
71.5044289175          1.91406765482          
71.7561732158          1.47085576921          
72.0079175234          1.52963751166          
72.2596618384          0.61458832685          
72.5114061628          0.469375923216          
72.7631505001          0.531117342314          
73.0148948412          1.0          
73.2666391935          1.54587878028          
73.5183835533          1.38974004083          
73.7701279242          0.0          
74.0218723007          0.0          
74.2736166883          1.58476633258          
74.5253610853          1.41523868766          
74.7771054879          0.0          
75.0288499016          0.607300296023          
75.2446308341          0.921371494487          
75.4963752646          1.0          
75.7481197007          1.0          
75.999864148          1.07715367574          
76.2516086046          0.537952768409          
76.5033530686          0.0          
76.6389707811          0.0          
76.8908395004          0.0          
77.1427082289          1.0          
77.3945769668          0.0          
77.6464457121          0.926061744672          
77.8983144667          0.0734464081941          
78.1501832325          0.0          
78.3660707492          0.0          
78.6179395299          0.915952025725          
78.8698083181          0.0715492808559          
79.1216771156          0.928942565577          
79.3735459223          0.0705655806212          
79.6254147366          0.0          
79.8772835601          0.0          
80.1291523948          0.0          
