#Files Included:
#scan_0018.mda
#scan_0318.mda
#Energy= Column: 1
#Signal= Column: 2
-160.553490585          0.0          
-160.553490585          0.0          
-160.030503428          0.0          
-160.030503428          0.0          
-159.507516233          0.0          
-159.507516233          0.0          
-158.984528998          0.0          
-158.984528998          0.0          
-158.461541725          0.0          
-158.461541725          0.0          
-157.93855441          0.0          
-157.93855441          0.0          
-157.415567055          0.0          
-157.415567055          0.0          
-156.89257966          0.0          
-156.89257966          0.0          
-156.369592221          0.0          
-156.369592221          0.0          
-156.369592221          0.0          
-155.846604746          0.0          
-155.846604746          0.0          
-155.323617233          1.0          
-155.323617233          0.0          
-154.800629677          0.0          
-154.800629677          0.0          
-154.277642082          0.0          
-154.277642082          0.0          
-153.754654443          0.0          
-153.754654443          0.0          
-153.23166677          0.0          
-153.23166677          0.0          
-152.708679054          0.0          
-152.708679054          0.0          
-152.185691299          0.0          
-152.185691299          0.0          
-151.662703501          0.0          
-151.662703501          1.0          
-151.139715666          0.0          
-151.139715666          0.0          
-150.616727788          0.0          
-150.616727788          0.0          
-150.616727788          1.0          
-150.093739873          1.0          
-150.093739873          0.0          
-149.570751917          0.0          
-149.570751917          0.0          
-149.047763923          0.0          
-149.047763923          0.0          
-148.524775887          0.0          
-148.524775887          0.0          
-148.001787808          0.0          
-148.001787808          0.0          
-147.478799693          0.0          
-147.478799693          0.0          
-146.955811536          0.0          
-146.955811536          0.0          
-146.432823338          0.0          
-146.432823338          1.0          
-145.909835106          0.0          
-145.909835106          0.0          
-145.386846827          0.0          
-145.386846827          0.0          
-144.86385851          0.0          
-144.86385851          0.0          
-144.86385851          0.0          
-144.340870155          0.0          
-144.340870155          0.0          
-143.817881754          0.0          
-143.817881754          0.0          
-143.294893319          0.0          
-143.294893319          0.0          
-142.771904843          0.0          
-142.771904843          1.0          
-142.248916324          0.0          
-142.248916324          1.0          
-141.725927766          1.0          
-141.725927766          0.0          
-141.202939171          0.0          
-141.202939171          0.0          
-140.679950528          0.0          
-140.679950528          0.0          
-140.156961853          0.0          
-140.156961853          0.0          
-139.633973138          0.0          
-139.633973138          0.0          
-139.110984378          1.0          
-139.110984378          0.0          
-139.110984378          0.0          
-138.587995583          0.0          
-138.587995583          0.0          
-138.065006742          0.0          
-138.065006742          0.0          
-137.542017866          0.0          
-137.542017866          0.0          
-137.019028947          0.0          
-137.019028947          0.0          
-136.49603999          0.0          
-136.49603999          0.0          
-135.973050993          0.0          
-135.973050993          0.0          
-135.450061955          0.0          
-135.450061955          0.0          
-134.927072875          0.0          
-134.927072875          0.0          
-134.404083759          0.0          
-134.404083759          0.0          
-133.881094597          0.0          
-133.881094597          0.0          
-133.358105401          1.0          
-133.358105401          0.0          
-133.358105401          0.0          
-132.835116163          0.0          
-132.835116163          0.0          
-132.312126882          0.0          
-132.312126882          0.0          
-131.789137566          1.0          
-131.789137566          0.0          
-131.266148206          0.0          
-131.266148206          0.0          
-130.743158804          0.0          
-130.743158804          0.0          
-130.220169367          0.0          
-130.220169367          0.0          
-129.697179889          0.0          
-129.697179889          0.0          
-129.174190369          1.0          
-129.174190369          0.0          
-128.651200809          0.0          
-128.651200809          0.0          
-128.128211211          0.0          
-128.128211211          0.0          
-127.60522157          0.0          
-127.60522157          1.0          
-127.60522157          0.0          
-127.082231894          1.0          
-127.082231894          0.0          
-126.559242174          1.0          
-126.559242174          0.0          
-126.036252415          1.0          
-126.036252415          0.0          
-125.513262615          0.0          
-125.513262615          0.0          
-124.990272772          0.0          
-124.990272772          0.0          
-124.467282893          0.0          
-124.467282893          0.0          
-123.944292977          0.0          
-123.944292977          0.0          
-123.421303017          0.0          
-123.421303017          0.0          
-122.898313016          0.0          
-122.898313016          0.0          
-122.375322975          0.0          
-122.375322975          0.0          
-121.852332894          1.0          
-121.852332894          0.0          
-121.852332894          0.0          
-121.329342775          0.0          
-121.329342775          0.0          
-120.806352617          0.0          
-120.806352617          0.0          
-120.283362415          0.0          
-120.283362415          0.0          
-119.760372175          0.0          
-119.760372175          0.0          
-119.237381892          0.0          
-119.237381892          0.0          
-118.714391571          0.0          
-118.714391571          0.0          
-118.191401212          0.0          
-118.191401212          0.0          
-117.668410815          0.0          
-117.668410815          0.0          
-117.145420372          0.0          
-117.145420372          1.0          
-116.622429891          0.0          
-116.622429891          0.0          
-116.099439371          0.0          
-116.099439371          0.0          
-116.099439371          0.0          
-115.576448809          0.0          
-115.576448809          0.0          
-115.053458206          0.0          
-115.053458206          0.0          
-114.530467566          0.0          
-114.530467566          0.0          
-114.007476883          0.0          
-114.007476883          0.0          
-113.484486165          0.0          
-113.484486165          0.0          
-112.961495403          0.0          
-112.961495403          0.0          
-112.438504601          0.0          
-112.438504601          0.0          
-111.915513759          0.0          
-111.915513759          0.0          
-111.392522881          1.0          
-111.392522881          0.0          
-110.869531959          0.0          
-110.869531959          1.0          
-110.869531959          0.0          
-110.346540997          1.0          
-110.346540997          0.0          
-109.823549991          2.0          
-109.823549991          0.0          
-109.300558951          0.0          
-109.300558951          0.0          
-108.777567869          0.0          
-108.777567869          0.0          
-108.25457675          0.0          
-108.25457675          0.0          
-107.731585585          0.0          
-107.731585585          1.0          
-107.208594384          1.0          
-107.208594384          1.0          
-106.685603144          0.0          
-106.685603144          0.0          
-106.162611861          0.0          
-106.162611861          0.0          
-105.639620537          0.0          
-105.639620537          0.0          
-105.116629178          0.0          
-105.116629178          0.0          
-105.116629178          0.0          
-104.593637772          0.0          
-104.593637772          0.0          
-104.070646331          0.0          
-104.070646331          0.0          
-103.547654847          0.0          
-103.547654847          1.0          
-103.024663324          0.0          
-103.024663324          1.0          
-102.501671759          1.0          
-102.501671759          1.0          
-101.97868016          0.0          
-101.97868016          0.0          
-101.455688518          0.0          
-101.455688518          0.0          
-100.932696834          0.0          
-100.932696834          0.0          
-100.40970511          0.0          
-100.40970511          0.0          
-99.8867133427          0.0          
-99.8867133427          0.0          
-99.3637215383          0.0          
-99.3637215383          1.0          
-99.3637215383          0.0          
-98.8407297004          0.0          
-98.8407297004          0.0          
-98.3177378178          0.0          
-98.3177378178          1.0          
-97.7947458923          0.0          
-97.7947458923          0.0          
-97.2717539296          0.0          
-97.2717539296          0.0          
-96.7487619258          0.0          
-96.7487619258          0.0          
-96.225769883          0.0          
-96.225769883          0.0          
-95.7027778029          0.0          
-95.7027778029          1.0          
-95.1797856744          0.0          
-95.1797856744          0.0          
-94.6567935087          1.0          
-94.6567935087          0.0          
-94.1338013057          0.0          
-94.1338013057          0.0          
-93.6108090617          0.0          
-93.6108090617          0.0          
-93.6108090617          0.0          
-93.0878167804          0.0          
-93.0878167804          0.0          
-92.5648244545          0.0          
-92.5648244545          0.0          
-92.0418320913          0.0          
-92.0418320913          1.0          
-91.5188396871          0.0          
-91.5188396871          1.0          
-90.9958472438          0.0          
-90.9958472438          0.0          
-90.4728547577          0.0          
-90.4728547577          0.0          
-89.9498622324          0.0          
-89.9498622324          0.0          
-89.4268696737          1.0          
-89.4268696737          0.0          
-88.9038770627          0.0          
-88.9038770627          0.0          
-88.3808844183          0.0          
-88.3808844183          0.0          
-87.8578917328          0.0          
-87.8578917328          0.0          
-87.8578917328          0.0          
-87.3348990064          0.0          
-87.3348990064          0.0          
-86.8119062409          0.0          
-86.8119062409          0.0          
-86.2889134418          0.0          
-86.2889134418          0.0          
-85.7659205943          0.0          
-85.7659205943          0.0          
-85.2429277096          0.0          
-85.2429277096          0.0          
-84.7199347839          0.0          
-84.7199347839          0.0          
-84.1969418153          0.0          
-84.1969418153          0.0          
-83.6739488095          0.0          
-83.6739488095          0.0          
-83.1509557683          0.0          
-83.1509557683          1.0          
-82.6279626805          0.0          
-82.6279626805          0.0          
-82.1049695555          0.0          
-82.1049695555          0.0          
-82.1049695555          1.0          
-81.5819763914          0.0          
-81.5819763914          0.0          
-81.0589831844          0.0          
-81.0589831844          0.0          
-80.5359899383          1.0          
-80.5359899383          0.0          
-80.012996655          0.0          
-80.012996655          0.0          
-79.4900033269          0.0          
-79.4900033269          0.0          
-78.9670099597          0.0          
-78.9670099597          0.0          
-78.4440165535          0.0          
-78.4440165535          1.0          
-77.9210231081          1.0          
-77.9210231081          0.0          
-77.3980296217          1.50897176802          
-77.3980296217          1.50897176802          
-76.8750360962          0.167995576524          
-76.8750360962          0.167995576524          
-76.3520425297          2.0          
-76.3520425297          1.0          
-76.3520425297          0.0          
-75.8290489223          0.0          
-75.8290489223          0.0          
-75.3060552739          0.0          
-75.3060552739          0.0          
-74.7830615882          0.0          
-74.7830615882          0.0          
-74.2600678578          0.0          
-74.2600678578          0.0          
-73.7370740958          1.0          
-73.7370740958          2.0          
-73.2140802871          0.482508414748          
-73.2140802871          0.482508414748          
-72.6910864413          1.19002037044          
-72.6910864413          3.19002037044          
-72.1680925544          0.0          
-72.1680925544          0.0          
-71.6450986285          1.75004742263          
-71.6450986285          0.750047422627          
-71.1221046615          1.0          
-71.1221046615          0.0          
-70.5991106555          1.0          
-70.5991106555          1.0          
-70.5991106555          1.0          
-70.0761166066          0.0          
-70.0761166066          0.0          
-69.5531225186          2.79702085443          
-69.5531225186          1.79702085443          
-69.0301283915          1.71950219228          
-69.0301283915          0.719502192276          
-68.5071342215          0.0          
-68.5071342215          1.0          
-67.9841400161          0.0          
-67.9841400161          0.0          
-67.4611457679          1.0          
-67.4611457679          2.0          
-66.9381514825          0.0          
-66.9381514825          0.0          
-66.4151571523          0.3319087281          
-66.4151571523          0.3319087281          
-65.8921627849          0.0          
-65.8921627849          0.0          
-65.3691683766          0.0          
-65.3691683766          1.0          
-65.3691683766          0.0          
-64.8461739272          1.0          
-64.8461739272          0.0          
-64.3231794424          2.0          
-64.3231794424          1.0          
-63.8001849111          1.0          
-63.8001849111          0.0          
-63.2771903425          1.0          
-63.2771903425          0.0          
-62.7541957349          1.0          
-62.7541957349          2.0          
-62.2312010862          0.568901613797          
-62.2312010862          0.568901613797          
-61.7082063984          0.491382841429          
-61.7082063984          1.49138284143          
-61.1852116715          0.413864053998          
-61.1852116715          0.413864053998          
-60.6622169018          0.225736123754          
-60.6622169018          1.22573612375          
-60.1392220929          0.0          
-60.1392220929          0.0          
-59.6162272431          0.0          
-59.6162272431          1.0          
-59.6162272431          1.0          
-59.093232356          4.0          
-59.093232356          1.0          
-58.5702374224          2.0          
-58.5702374224          1.0          
-58.047242457          1.80589397332          
-58.047242457          4.80589397332          
-57.5242474489          1.0          
-57.5242474489          1.0          
-57.0012523979          0.349143743742          
-57.0012523979          0.349143743742          
-56.4782573078          0.573337389211          
-56.4782573078          1.57333738921          
-55.9552621804          0.0          
-55.9552621804          4.0          
-55.4322670121          1.0          
-55.4322670121          2.0          
-54.9092718028          1.0          
-54.9092718028          0.0          
-54.3862765525          0.0          
-54.3862765525          0.0          
-53.863281263          2.9571142167          
-53.863281263          0.957114216704          
-53.863281263          0.957114216704          
-53.3402859308          2.0          
-53.3402859308          0.0          
-52.8172905613          0.112152062709          
-52.8172905613          1.11215206271          
-52.2942951526          2.0          
-52.2942951526          0.0          
-51.7712997049          2.73281007153          
-51.7712997049          2.73281007153          
-51.2483042125          1.0          
-51.2483042125          6.0          
-50.7253086846          0.577772159746          
-50.7253086846          3.57777215975          
-50.2023131121          1.35739603691          
-50.2023131121          1.35739603691          
-49.6793175023          1.0          
-49.6793175023          2.0          
-49.1563218515          2.7976419258          
-49.1563218515          0.797641925803          
-48.6333261654          3.87516090753          
-48.6333261654          4.87516090753          
-48.1103304289          2.0          
-48.1103304289          0.0          
-48.1103304289          4.0          
-47.5873346608          3.0          
-47.5873346608          0.0          
-47.0643388499          2.89228205124          
-47.0643388499          2.89228205124          
-46.5413429979          3.1852369833          
-46.5413429979          5.1852369833          
-46.0183471087          1.0          
-46.0183471087          2.0          
-45.4953511786          7.0          
-45.4953511786          4.0          
-44.9723552074          2.0          
-44.9723552074          2.0          
-44.4493591972          0.0          
-44.4493591972          2.0          
-43.9263631459          6.43137875567          
-43.9263631459          5.43137875567          
-43.4033670537          7.0          
-43.4033670537          7.0          
-42.8803709224          2.87072754858          
-42.8803709224          5.87072754858          
-42.3573747519          7.0          
-42.3573747519          4.0          
-42.3573747519          3.0          
-41.8343785405          5.05153149752          
-41.8343785405          6.05153149752          
-41.3113822881          3.10328486303          
-41.3113822881          9.10328486303          
-40.7883859966          5.0          
-40.7883859966          6.0          
-40.265389666          4.30137695812          
-40.265389666          5.30137695812          
-39.7423932943          6.0          
-39.7423932943          7.0          
-39.2193968836          4.44378147157          
-39.2193968836          9.44378147157          
-38.6964004301          10.7325246321          
-38.6964004301          7.73252463213          
-38.173403943          5.71125682995          
-38.173403943          4.71125682995          
-37.6504074056          9.21122398101          
-37.6504074056          9.21122398101          
-37.1274108347          13.133704797          
-37.1274108347          7.13370479702          
-36.6044142209          10.9438143919          
-36.6044142209          9.94381439185          
-36.6044142209          15.9438143919          
-36.0814175718          13.957332848          
-36.0814175718          12.957332848          
-35.5584208798          16.7034416456          
-35.5584208798          16.7034416456          
-35.0354241487          10.7942326781          
-35.0354241487          14.7942326781          
-34.5124273729          10.0          
-34.5124273729          13.0          
-33.9894305635          18.4742675818          
-33.9894305635          16.4742675818          
-33.4664337113          16.0          
-33.4664337113          16.0          
-32.9434368182          11.2586121261          
-32.9434368182          13.2586121261          
-32.4204398841          20.4136506544          
-32.4204398841          14.4136506544          
-31.8974429108          9.78434459302          
-31.8974429108          22.784344593          
-31.3744458966          17.0          
-31.3744458966          19.0          
-30.8514488451          24.8787663058          
-30.8514488451          22.8787663058          
-30.8514488451          19.8787663058          
-30.3284517527          20.0338048631          
-30.3284517527          33.0338048631          
-29.8054546192          23.4406347567          
-29.8054546192          28.4406347567          
-29.2824574485          38.370403668          
-29.2824574485          25.370403668          
-28.759460235          34.7846349698          
-28.759460235          26.7846349698          
-28.2364629805          35.0          
-28.2364629805          29.0          
-27.7134656869          33.8105754479          
-27.7134656869          30.8105754479          
-27.1904683504          34.3751245148          
-27.1904683504          34.3751245148          
-26.6674709786          42.1071845003          
-26.6674709786          40.1071845003          
-26.1444735657          36.3205148829          
-26.1444735657          46.3205148829          
-25.6214761138          43.1425664556          
-25.6214761138          47.1425664556          
-25.0984786209          44.1951412611          
-25.0984786209          48.1951412611          
-25.0984786209          51.1951412611          
-24.5754810851          50.4659883268          
-24.5754810851          46.4659883268          
-24.0524835102          53.301453496          
-24.0524835102          52.301453496          
-23.5294859          57.0          
-23.5294859          72.0          
-23.0064882468          51.6121123774          
-23.0064882468          77.6121123774          
-22.483490549          61.2578493501          
-22.483490549          73.2578493501          
-21.9604928121          65.9141470339          
-21.9604928121          77.9141470339          
-21.4374950416          82.620445903          
-21.4374950416          70.620445903          
-20.9144972265          81.1142425654          
-20.9144972265          89.1142425654          
-20.3914993722          91.7754847943          
-20.3914993722          90.7754847943          
-19.8685014788          91.1469957537          
-19.8685014788          111.146995754          
-19.8685014788          97.1469957537          
-19.3455035426          94.2935234604          
-19.3455035426          102.29352346          
-18.8225055709          90.15090032          
-18.8225055709          117.15090032          
-18.2995075546          115.512617962          
-18.2995075546          94.5126179617          
-17.7765094973          123.470303425          
-17.7765094973          124.470303425          
-17.2535114065          115.0          
-17.2535114065          113.0          
-16.7305132728          114.695108517          
-16.7305132728          141.695108517          
-16.2075150963          126.46150218          
-16.2075150963          124.46150218          
-15.6845168807          125.232034689          
-15.6845168807          146.232034689          
-15.1615186222          157.0          
-15.1615186222          162.0          
-14.6385203283          185.313169286          
-14.6385203283          166.313169286          
-14.1155219972          189.900052883          
-14.1155219972          173.900052883          
-14.1155219972          180.900052883          
-13.5925236214          189.034289954          
-13.5925236214          186.034289954          
-13.0695252065          214.464722259          
-13.0695252065          231.464722259          
-12.5465267468          238.671975446          
-12.5465267468          216.671975446          
-12.0235282518          245.316625399          
-12.0235282518          210.316625399          
-11.5005297158          226.104845048          
-11.5005297158          233.104845048          
-10.9775311444          264.086898866          
-10.9775311444          274.086898866          
-10.4545325246          288.068140391          
-10.4545325246          278.068140391          
-9.93153386936          283.057949047          
-9.93153386936          303.057949047          
-9.40853517689          290.310890586          
-9.40853517689          312.310890586          
-8.88553643785          283.0          
-8.88553643785          348.0          
-8.36253766157          344.012994148          
-8.36253766157          360.012994148          
-8.36253766157          355.012994148          
-7.83953884803          348.806423529          
-7.83953884803          356.806423529          
-7.31653999351          396.852270846          
-7.31653999351          415.852270846          
-6.79354109429          449.219564822          
-6.79354109429          400.219564822          
-6.27054215595          451.920408497          
-6.27054215595          450.920408497          
-5.7475431785          478.752374848          
-5.7475431785          486.752374848          
-5.22454416379          484.904247747          
-5.22454416379          445.904247747          
-4.70154510811          511.059287155          
-4.70154510811          488.059287155          
-4.17854601517          508.285959205          
-4.17854601517          522.285959205          
-3.65554687753          549.37967893          
-3.65554687753          494.37967893          
-3.13254769892          539.670838047          
-3.13254769892          508.670838047          
-2.60954848118          495.174203947          
-2.60954848118          557.174203947          
-2.60954848118          559.174203947          
-2.08654922433          583.579304585          
-2.08654922433          590.579304585          
-1.5635499265          704.302858479          
-1.5635499265          886.302858479          
-1.04055058956          1180.21110857          
-1.04055058956          1616.21110857          
-0.517551213503          3673.43151407          
-0.517551213503          5584.43151407          
0.00544820539653          8273.97697683          
0.00544820539653          7342.97697683          
0.528447661549          3749.99182793          
0.528447661549          2366.99182793          
1.05144715868          1125.32689414          
1.05144715868          927.326894137          
1.57444669679          671.868937164          
1.57444669679          663.868937164          
2.09744627401          550.12262325          
2.09744627401          505.12262325          
2.62044589035          523.695558213          
2.62044589035          573.695558213          
3.1434455514          526.349529811          
3.1434455514          559.349529811          
3.1434455514          574.349529811          
3.66644524969          593.222696884          
3.66644524969          579.222696884          
4.1894449871          585.067641544          
4.1894449871          618.067641544          
4.71244476363          597.685711255          
4.71244476363          571.685711255          
5.23544458114          602.170571457          
5.23544458114          636.170571457          
5.75844443776          578.463014493          
5.75844443776          615.463014493          
6.28144433722          547.585762153          
6.28144433722          544.585762153          
6.8044442758          551.327301073          
6.8044442758          538.327301073          
7.32744425349          537.964681734          
7.32744425349          545.964681734          
7.8504442703          490.824283935          
7.8504442703          469.824283935          
8.37344432995          504.584840996          
8.37344432995          479.584840996          
8.89644442871          444.0          
8.89644442871          437.0          
8.89644442871          416.0          
9.41944456846          431.538749086          
9.41944456846          392.538749086          
9.94244474545          425.57540064          
9.94244474545          449.57540064          
10.4654449653          374.269189717          
10.4654449653          390.269189717          
10.9884452224          403.554289289          
10.9884452224          395.554289289          
11.5114455223          370.098278556          
11.5114455223          364.098278556          
12.0344458614          348.581706995          
12.0344458614          312.581706995          
12.5574462414          331.0          
12.5574462414          320.0          
13.0804466605          292.632530319          
13.0804466605          328.632530319          
13.6034471206          307.0          
13.6034471206          316.0          
14.126447618          269.649278224          
14.126447618          309.649278224          
14.6494481564          268.723762777          
14.6494481564          281.723762777          
14.6494481564          302.723762777          
15.1724487375          296.85951901          
15.1724487375          242.85951901          
15.6954493541          259.502611918          
15.6954493541          255.502611918          
16.2184500173          218.788797643          
16.2184500173          236.788797643          
16.7414507158          233.422244243          
16.7414507158          219.422244243          
17.2644514516          221.001414282          
17.2644514516          227.001414282          
17.7874522321          220.154568704          
17.7874522321          213.154568704          
18.3104530517          193.309608843          
18.3104530517          185.309608843          
18.833453916          206.661622579          
18.833453916          216.661622579          
19.3564548157          203.478756829          
19.3564548157          214.478756829          
19.8794557564          182.887364705          
19.8794557564          181.887364705          
19.8794557564          166.887364705          
20.4024567343          184.140460813          
20.4024567343          161.140460813          
20.9254577551          164.042404912          
20.9254577551          157.042404912          
21.448458815          180.040599806          
21.448458815          180.040599806          
21.9714599159          164.701511507          
21.9714599159          155.701511507          
22.4944610558          145.178224334          
22.4944610558          144.178224334          
23.0174622387          145.009314801          
23.0174622387          129.009314801          
23.5404634532          148.562823645          
23.5404634532          126.562823645          
24.0634647198          118.398468337          
24.0634647198          113.398468337          
24.5864660181          127.45580615          
24.5864660181          124.45580615          
25.1094673593          127.583730242          
25.1094673593          127.583730242          
25.6324687414          108.468226185          
25.6324687414          130.468226185          
25.6324687414          117.468226185          
26.1554701626          94.9209273073          
26.1554701626          99.9209273073          
26.6784716193          109.848064692          
26.6784716193          98.8480646923          
27.2014731225          103.966555212          
27.2014731225          88.966555212          
27.7244746629          99.0          
27.7244746629          95.0          
28.2474762462          88.1731966898          
28.2474762462          95.1731966898          
28.7704778705          76.4909219076          
28.7704778705          82.4909219076          
29.2934795301          91.5684421497          
29.2934795301          72.5684421497          
29.8164812308          69.6459623963          
29.8164812308          65.6459623963          
30.3394829724          83.1060693725          
30.3394829724          69.1060693725          
30.8624847531          75.0          
30.8624847531          58.0          
31.385486573          68.2711392499          
31.385486573          69.2711392499          
31.385486573          63.2711392499          
31.9084884357          62.0439564981          
31.9084884357          59.0439564981          
32.4314903375          64.9414743668          
32.4314903375          61.9414743668          
32.9544922803          51.25394125          
32.9544922803          54.25394125          
33.4774942584          59.3314615484          
33.4774942584          48.3314615484          
34.0004962869          47.1371267786          
34.0004962869          51.1371267786          
34.523498347          41.0          
34.523498347          45.0          
35.04650045          50.4359774394          
35.04650045          46.4359774394          
35.5695025939          37.3584570875          
35.5695025939          47.3584570875          
36.0925047752          45.0          
36.0925047752          49.0          
36.6155069936          38.2034163844          
36.6155069936          33.2034163844          
37.1385092568          52.1258960017          
37.1385092568          44.1258960017          
37.1385092568          33.1258960017          
37.6615115628          42.811036943          
37.6615115628          28.811036943          
38.1845139023          46.6559961854          
38.1845139023          25.6559961854          
38.7075162902          33.4990446514          
38.7075162902          33.4990446514          
39.230518708          30.9811281236          
39.230518708          33.9811281236          
39.7535211723          40.786310611          
39.7535211723          29.786310611          
40.2765236758          33.0          
40.2765236758          26.0          
40.7995262202          25.8807920053          
40.7995262202          36.8807920053          
41.3225288019          32.6371244273          
41.3225288019          25.6371244273          
41.8455314264          24.856065336          
41.8455314264          31.856065336          
42.3685340863          25.6235040023          
42.3685340863          22.6235040023          
42.891536789          20.9749141349          
42.891536789          28.9749141349          
42.891536789          18.9749141349          
43.4145395346          24.3602536634          
43.4145395346          20.3602536634          
43.9375423174          17.8324161049          
43.9375423174          18.8324161049          
44.4605451412          22.7548956113          
44.4605451412          18.7548956113          
44.9835480079          13.6773751021          
44.9835480079          20.6773751021          
45.5065509081          21.0          
45.5065509081          15.0          
46.029553853          20.0          
46.029553853          19.0          
46.552556837          11.1103728781          
46.552556837          13.1103728781          
47.0755598582          20.632706958          
47.0755598582          27.632706958          
47.5985629279          15.0          
47.5985629279          16.0          
48.1215660293          15.6530260368          
48.1215660293          22.6530260368          
48.6445691716          6.99187423909          
48.6445691716          4.99187423909          
48.6445691716          12.9918742391          
49.1675723549          12.1712926465          
49.1675723549          10.1712926465          
49.6905755829          17.1631669172          
49.6905755829          12.1631669172          
50.2135788463          12.2406874835          
50.2135788463          10.2406874835          
50.7365821507          12.0          
50.7365821507          7.0          
51.259585496          12.6042713145          
51.259585496          13.6042713145          
51.7825888786          14.5267507127          
51.7825888786          14.5267507127          
52.3055923041          17.8984601986          
52.3055923041          13.8984601986          
52.8285957687          7.53398876016          
52.8285957687          3.53398876016          
53.3515992742          3.84866831205          
53.3515992742          12.8486683121          
53.8746028189          9.0          
53.8746028189          8.0          
54.3976064045          11.0          
54.3976064045          9.0          
54.3976064045          15.0          
54.9206100293          9.0          
54.9206100293          9.0          
55.4436136931          7.0          
55.4436136931          6.0          
55.9666173998          8.23627160648          
55.9666173998          12.2362716065          
56.4896211438          12.6862077116          
56.4896211438          13.6862077116          
57.0126249306          10.0          
57.0126249306          15.0          
57.5356287546          1.46883367714          
57.5356287546          11.4688336771          
58.0586326197          8.0          
58.0586326197          4.0          
58.5816365238          11.7667322454          
58.5816365238          6.76673224536          
59.1046404708          5.0          
59.1046404708          9.0          
59.6276444588          10.0          
59.6276444588          9.0          
60.150648484          11.0007055275          
60.150648484          5.00070552747          
60.150648484          3.00070552747          
60.6736525502          6.1536304299          
60.6736525502          5.1536304299          
61.1966566537          5.84566403819          
61.1966566537          8.84566403819          
61.7196608          9.23185673535          
61.7196608          4.23185673535          
62.2426649872          13.0          
62.2426649872          3.0          
62.7656692136          3.61310169963          
62.7656692136          11.6131016996          
63.288673481          9.39272376035          
63.288673481          5.39272376035          
63.8116777875          8.68479704478          
63.8116777875          9.68479704478          
64.3346821312          5.0          
64.3346821312          4.0          
64.8576865178          5.83983866764          
64.8576865178          6.83983866764          
65.3806909472          10.0          
65.3806909472          5.0          
65.3806909472          7.0          
65.903695412          5.00511966663          
65.903695412          3.00511966663          
66.4266999196          5.0          
66.4266999196          2.0          
66.9497044664          6.0          
66.9497044664          9.0          
67.4727090504          1.0          
67.4727090504          6.0          
67.9957136773          6.69503625074          
67.9957136773          2.69503625074          
68.5187183451          3.0          
68.5187183451          2.0          
69.041723052          1.0          
69.041723052          1.0          
69.5647278          0.319616441279          
69.5647278          2.31961644128          
70.0877325907          1.0          
70.0877325907          1.0          
70.610737415          5.0          
70.610737415          5.0          
71.1337422822          1.0          
71.1337422822          4.0          
71.1337422822          2.0          
71.6567471903          3.99046722239          
71.6567471903          4.99046722239          
72.1797521356          4.93201184748          
72.1797521356          4.93201184748          
72.7027571257          3.0          
72.7027571257          3.0          
73.2257621549          3.0          
73.2257621549          3.0          
73.7487672195          2.0          
73.7487672195          3.0          
74.2717723269          2.562787392          
74.2717723269          4.562787392          
74.7947774753          1.0          
74.7947774753          0.0          
75.3177826647          1.67597109577          
75.3177826647          1.67597109577          
75.840787895          4.0          
75.840787895          4.0          
76.3637931626          1.0          
76.3637931626          1.0          
76.8867984693          0.0          
76.8867984693          2.0          
76.8867984693          2.0          
77.409803817          1.0          
77.409803817          4.0          
77.9328092057          1.0          
77.9328092057          4.0          
78.4558146317          0.164613390894          
78.4558146317          1.16461339089          
78.9788201023          2.36147538378          
78.9788201023          4.36147538378          
79.5018256102          0.0          
79.5018256102          1.0          
80.0248311553          2.0          
80.0248311553          1.0          
80.5478367489          0.0          
80.5478367489          2.0          
81.070842376          0.0          
81.070842376          2.0          
81.5938480478          0.0          
81.5938480478          1.0          
82.1168537531          0.0          
82.1168537531          1.0          
82.639859505          3.0          
82.639859505          1.0          
82.639859505          0.0          
83.1628652904          2.0          
83.1628652904          0.0          
83.6858711224          0.0          
83.6858711224          1.0          
84.2088769916          0.0          
84.2088769916          0.0          
84.7318828981          1.0          
84.7318828981          0.0          
85.2548888512          1.0          
85.2548888512          1.0          
85.7778948396          2.0          
85.7778948396          1.0          
86.3009008672          0.0          
86.3009008672          0.0          
86.8239069376          0.0          
86.8239069376          1.0          
87.3469130471          1.0          
87.3469130471          0.0          
87.8699191976          1.0          
87.8699191976          1.0          
88.3929253872          1.0          
88.3929253872          2.0          
88.3929253872          0.0          
88.9159316178          0.0          
88.9159316178          0.0          
89.4389378838          0.0          
89.4389378838          2.0          
89.9619441964          0.0          
89.9619441964          1.0          
90.484950548          1.0          
90.484950548          2.0          
91.0079569388          0.0          
91.0079569388          0.0          
91.5309633706          0.0          
91.5309633706          0.0          
92.0539698396          2.0          
92.0539698396          0.0          
92.5769763477          3.0          
92.5769763477          0.0          
93.0999828987          0.0          
93.0999828987          1.0          
93.6229894888          0.0          
93.6229894888          1.0          
94.1459961198          0.0          
94.1459961198          0.0          
94.1459961198          0.0          
94.6690027919          0.0          
94.6690027919          2.0          
95.1920095012          1.0          
95.1920095012          0.0          
95.7150162514          0.0          
95.7150162514          0.0          
96.2380230464          0.0          
96.2380230464          1.0          
96.7610298768          1.0          
96.7610298768          0.0          
97.2840367462          0.0          
97.2840367462          0.0          
97.8070436586          0.0          
97.8070436586          0.0          
98.3300506081          1.0          
98.3300506081          0.0          
98.8530576006          0.0          
98.8530576006          0.0          
99.3760646302          0.0          
99.3760646302          1.0          
99.8990717009          1.0          
99.8990717009          0.0          
99.8990717009          1.0          
100.422078816          0.0          
100.422078816          1.0          
100.945085967          0.0          
100.945085967          2.0          
101.468093159          0.0          
101.468093159          1.0          
101.991100388          0.0          
101.991100388          1.0          
102.514107663          1.0          
102.514107663          0.0          
103.037114976          1.0          
103.037114976          1.0          
103.560122326          1.0          
103.560122326          0.0          
104.083129719          0.0          
104.083129719          0.0          
104.606137151          0.0          
104.606137151          0.0          
105.12914462          1.0          
105.12914462          0.0          
105.12914462          1.0          
105.652152132          1.0          
105.652152132          0.0          
106.175159687          0.0          
106.175159687          0.0          
106.698167281          0.0          
106.698167281          0.0          
107.221174913          1.0          
107.221174913          2.0          
107.744182585          0.0          
107.744182585          0.0          
108.267190298          0.0          
108.267190298          1.0          
108.79019805          0.0          
108.79019805          0.0          
109.313205842          1.0          
109.313205842          0.0          
109.836213674          0.0          
109.836213674          1.0          
110.359221548          0.0          
110.359221548          0.0          
110.882229466          0.0          
110.882229466          0.0          
110.882229466          1.0          
111.405237416          0.0          
111.405237416          0.0          
111.928245408          0.0          
111.928245408          0.0          
112.45125344          0.0          
112.45125344          0.0          
112.974261513          0.0          
112.974261513          0.0          
113.497269629          1.0          
113.497269629          0.0          
114.020277785          0.0          
114.020277785          0.0          
114.543285972          0.0          
114.543285972          1.0          
115.066294208          0.0          
115.066294208          0.0          
115.589302482          0.0          
115.589302482          0.0          
116.112310799          1.0          
116.112310799          1.0          
116.635319153          0.0          
116.635319153          0.0          
116.635319153          1.0          
117.158327546          0.0          
117.158327546          1.0          
117.681335978          0.0          
117.681335978          1.0          
118.204344453          0.0          
118.204344453          0.0          
118.727352966          1.0          
118.727352966          1.0          
119.250361521          0.0          
119.250361521          0.0          
119.773370115          0.0          
119.773370115          0.0          
120.296378752          0.0          
120.296378752          1.0          
120.819387421          0.0          
120.819387421          0.0          
121.342396138          0.0          
121.342396138          0.0          
121.865404896          0.0          
121.865404896          0.0          
122.38841369          0.0          
122.38841369          0.0          
122.38841369          1.0          
122.911422526          0.0          
122.911422526          0.0          
123.4344314          0.0          
123.4344314          0.0          
123.957440311          0.0          
123.957440311          0.0          
124.480449269          0.0          
124.480449269          0.0          
125.003458261          0.0          
125.003458261          1.0          
125.526467299          0.0          
125.526467299          1.0          
126.049476374          0.0          
126.049476374          1.0          
126.572485493          0.0          
126.572485493          0.0          
127.095494645          1.0          
127.095494645          0.0          
127.618503841          0.0          
127.618503841          0.0          
128.141513078          0.0          
128.141513078          0.0          
128.141513078          0.0          
128.66452235          0.0          
128.66452235          0.0          
129.187531667          1.0          
129.187531667          0.0          
129.710541023          0.0          
129.710541023          0.0          
130.233550414          0.0          
130.233550414          0.0          
130.756559853          0.0          
130.756559853          0.0          
131.27956933          0.0          
131.27956933          0.0          
131.802578848          1.0          
131.802578848          0.0          
132.325588403          0.0          
132.325588403          0.0          
132.848598          0.0          
132.848598          0.0          
133.371607635          0.0          
133.371607635          0.0          
133.894617312          0.0          
133.894617312          0.0          
133.894617312          0.0          
134.417627025          0.0          
134.417627025          0.0          
134.940636786          0.0          
134.940636786          1.0          
135.463646583          0.0          
135.463646583          0.0          
135.986656414          0.0          
135.986656414          0.0          
136.509666292          0.0          
136.509666292          0.0          
137.032676212          0.0          
137.032676212          0.0          
137.55568617          0.0          
137.55568617          0.0          
138.078696165          0.0          
138.078696165          1.0          
138.601706205          1.0          
138.601706205          2.0          
139.12471628          0.0          
139.12471628          1.0          
139.647726398          0.0          
139.647726398          0.0          
139.647726398          0.0          
140.170736553          0.0          
140.170736553          0.0          
140.693746751          0.0          
140.693746751          1.0          
141.216756988          0.0          
141.216756988          0.0          
141.739767268          0.0          
141.739767268          0.0          
142.262777586          1.0          
142.262777586          0.0          
142.785787944          0.0          
142.785787944          0.0          
143.308798339          1.0          
143.308798339          0.0          
143.831808778          0.0          
143.831808778          0.0          
144.354819255          1.0          
144.354819255          0.0          
144.877829773          0.0          
144.877829773          0.0          
145.400840331          0.0          
145.400840331          0.0          
145.400840331          0.0          
145.923850928          1.0          
145.923850928          0.0          
146.446861565          0.0          
146.446861565          1.0          
146.969872246          0.0          
146.969872246          0.0          
147.492882967          0.0          
147.492882967          0.0          
148.015893722          0.0          
148.015893722          0.0          
148.538904522          0.0          
148.538904522          1.0          
149.061915359          0.0          
149.061915359          0.0          
149.584926238          1.0          
149.584926238          0.0          
150.107937155          0.0          
150.107937155          0.0          
150.630948115          0.0          
150.630948115          0.0          
150.630948115          0.0          
151.153959116          0.0          
151.153959116          0.0          
151.676970156          0.0          
151.676970156          0.0          
152.199981229          1.0          
152.199981229          0.0          
152.722992351          0.0          
152.722992351          0.0          
153.246003514          0.0          
153.246003514          0.0          
153.769014711          0.0          
153.769014711          0.0          
154.29202595          0.0          
154.29202595          0.0          
154.81503723          0.0          
154.81503723          0.0          
155.338048548          0.0          
155.338048548          0.0          
155.86105991          0.0          
155.86105991          0.0          
156.384071307          0.0          
156.384071307          0.0          
156.384071307          0.0          
156.90708275          0.0          
156.90708275          0.0          
157.430094229          0.0          
157.430094229          0.0          
157.953105748          1.0          
157.953105748          0.0          
158.476117307          1.0          
158.476117307          0.0          
158.999128904          1.0          
158.999128904          0.0          
159.522140548          0.0          
159.522140548          0.0          
160.045152226          0.0          
160.045152226          0.0          
160.568163948          0.0          
160.568163948          0.0          
161.091175709          0.0          
161.091175709          0.0          
161.614187507          0.0          
161.614187507          0.0          
162.137199346          0.0          
162.137199346          1.0          
162.137199346          0.0          
162.66021123          0.0          
162.66021123          0.0          
163.183223149          0.0          
163.183223149          0.0          
163.706235111          0.0          
163.706235111          0.0          
164.229247114          0.0          
164.229247114          0.0          
164.752259152          0.0          
164.752259152          0.0          
165.275271231          0.0          
165.275271231          0.0          
165.798283353          0.0          
165.798283353          0.0          
166.321295515          0.0          
166.321295515          0.0          
166.844307715          1.0          
166.844307715          0.0          
167.367319958          0.0          
167.367319958          0.0          
167.890332239          0.0          
167.890332239          0.0          
167.890332239          0.0          
168.413344558          0.0          
168.413344558          0.0          
168.936356921          1.0          
168.936356921          0.0          
169.459369324          0.0          
169.459369324          0.0          
169.982381765          0.0          
169.982381765          0.0          
170.505394245          0.0          
170.505394245          0.0          
171.028406767          0.0          
171.028406767          0.0          
171.551419327          0.0          
171.551419327          0.0          
172.074431932          0.0          
172.074431932          0.0          
172.597444573          0.0          
172.597444573          0.0          
173.120457258          0.0          
173.120457258          0.0          
173.64346998          0.0          
173.64346998          0.0          
173.64346998          0.0          
174.166482739          0.0          
174.166482739          0.0          
174.689495543          0.0          
174.689495543          0.0          
175.212508384          0.0          
175.212508384          0.0          
175.735521268          1.0          
175.735521268          0.0          
176.258534191          0.0          
176.258534191          1.0          
176.781547153          0.0          
176.781547153          0.0          
177.304560153          1.0          
177.304560153          0.0          
177.827573195          0.0          
177.827573195          1.0          
178.350586282          0.0          
178.350586282          0.0          
178.873599404          0.0          
178.873599404          0.0          
179.39661257          0.0          
179.39661257          0.0          
