#Files Included:
#scan_0039.mda
#scan_0066.mda
#Energy= Column: 1
#Signal= Column: 2
-70.1554115973          0.0          
-69.9036725014          1.0          
-69.6519333962          0.0          
-69.4001942817          1.0          
-69.1484551579          0.0          
-68.8967160247          0.0          
-68.6449768841          1.0          
-68.3932377342          2.0          
-68.1414985768          0.0          
-67.8897594083          1.0          
-67.6380202323          0.0          
-67.386281047          1.0          
-67.1345418543          1.0          
-66.8828026522          0.0          
-66.6310634408          2.0          
-66.3793242201          2.0          
-66.127584992          2.0          
-65.8758457545          1.0          
-65.660069257          1.0          
-65.4083300028          1.0          
-65.1565907411          1.0          
-64.9048514683          1.0          
-64.653112188          0.0          
-64.4013728984          1.0          
-64.1496336013          1.0          
-63.8978942949          2.0          
-63.6461549811          1.0          
-63.3944156542          3.0          
-63.1426763218          1.0          
-62.89093698          5.0          
-62.6391976289          1.0          
-62.3874582704          0.0          
-62.1357189026          1.0          
-61.8839795236          1.0          
-61.6322401371          1.0          
-61.3805007432          0.0          
-61.1287613418          0.0          
-60.8770219274          2.0          
-60.6252825074          0.0          
-60.4095058516          2.0          
-60.1577664167          0.0          
-59.9060269687          0.0          
-59.6542875152          0.0          
-59.4025480524          0.0          
-59.1508085802          0.0          
-58.8990690969          2.0          
-58.6473296061          0.0          
-58.3955901079          0.0          
-58.1438506003          1.0          
-57.8921110854          2.0          
-57.6403715592          0.0          
-57.3886320237          1.0          
-57.1368924808          1.0          
-56.8851529285          0.0          
-56.6334133707          1.0          
-56.3816737998          0.0          
-56.1299342215          0.0          
-55.8781946339          0.0          
-55.6264550388          1.0          
-55.4106782358          1.0          
-55.158938624          0.0          
-54.9071990047          2.0          
-54.6554593742          1.0          
-54.4037197344          0.0          
-54.1519800872          1.0          
-53.9002404325          2.0          
-53.6485007666          1.0          
-53.3967610933          2.0          
-53.1450214125          0.0          
-52.8932817187          1.0          
-52.6415420193          2.0          
-52.3898023106          0.0          
-52.1380625945          1.0          
-51.8863228671          1.0          
-51.6345831323          1.0          
-51.3828433882          2.0          
-51.1311036348          0.0          
-50.879363874          0.0          
-50.6276241019          2.0          
-50.3758843243          1.0          
-50.160107363          0.0          
-49.9083675686          0.0          
-49.6566277649          3.0          
-49.4048879519          1.0          
-49.1531481296          2.0          
-48.9014082979          0.0          
-48.6496684588          1.0          
-48.3979286104          2.0          
-48.1461887546          1.0          
-47.8944488876          0.0          
-47.6427090131          3.0          
-47.3909691293          1.0          
-47.139229238          0.0          
-46.8874893356          0.0          
-46.6357494276          2.0          
-46.3840095084          2.0          
-46.1322695818          1.0          
-45.8805296458          3.0          
-45.6287896987          0.0          
-45.377049746          3.0          
-45.125309784          1.0          
-44.9095326662          0.0          
-44.6577926874          2.0          
-44.4060526993          0.0          
-44.1543127038          2.0          
-43.9025726989          3.0          
-43.6508326847          2.0          
-43.3990926612          1.0          
-43.1473526284          2.0          
-42.8956125882          1.0          
-42.6438725404          1.0          
-42.3921324816          3.0          
-42.1403924171          0.0          
-41.8886523377          2.0          
-41.6369122546          1.0          
-41.3851721622          2.0          
-41.1334320586          1.0          
-40.8816919494          3.0          
-40.6299518291          1.0          
-40.3782116994          2.0          
-40.1264715642          3.0          
-39.9106942955          1.0          
-39.6589541435          1.0          
-39.4072139803          0.0          
-39.1554738097          2.0          
-38.9037336279          0.0          
-38.6519934405          1.0          
-38.4002532437          2.0          
-38.1485130377          2.0          
-37.8967728224          6.0          
-37.6450325977          4.0          
-37.3932923637          1.0          
-37.1415521242          0.0          
-36.8898118734          0.0          
-36.6380716152          1.0          
-36.3863313477          3.0          
-36.1345910728          5.0          
-35.8828507848          5.0          
-35.6311104894          3.0          
-35.3793701883          3.0          
-35.1276298761          5.0          
-34.8758895565          2.0          
-34.6601121314          3.0          
-34.4083717931          4.0          
-34.1566314474          2.0          
-33.9048910942          4.0          
-33.6531507317          1.0          
-33.4014103599          5.0          
-33.1496699769          4.0          
-32.8979295865          1.0          
-32.6461891904          4.0          
-32.3944487814          2.0          
-32.1427083667          6.0          
-31.8909679428          5.0          
-31.6392275058          6.0          
-31.387487065          2.0          
-31.1357466131          7.0          
-30.8840061538          1.0          
-30.6322656851          4.0          
-30.3805252071          3.0          
-30.1287847199          4.0          
-29.8770442251          4.0          
-29.6253037211          4.0          
-29.4095261395          10.0          
-29.1577856205          6.0          
-28.9060450923          3.0          
-28.6543045528          7.0          
-28.4025640059          6.0          
-28.1508234497          3.0          
-27.8990828861          7.0          
-27.6473423131          3.0          
-27.3956017308          4.0          
-27.1438611392          3.0          
-26.8921205401          5.0          
-26.6403799318          7.0          
-26.388639316          6.0          
-26.1368986871          4.0          
-25.8851580545          7.0          
-25.6334174108          3.0          
-25.3816767577          6.0          
-25.1299360972          7.0          
-24.8781954274          11.0          
-24.6264547482          12.0          
-24.4106770176          5.0          
-24.1589363236          3.0          
-23.9071956184          10.0          
-23.6554549057          10.0          
-23.4037141837          16.0          
-23.1519734543          16.0          
-22.9002327155          12.0          
-22.6484919693          10.0          
-22.396751212          15.0          
-22.1450104471          11.0          
-21.8932696711          17.0          
-21.6415288895          16.0          
-21.3897880968          14.0          
-21.1380472984          12.0          
-20.8863064889          15.0          
-20.63456567          17.0          
-20.3828248419          11.0          
-20.1310840063          17.0          
-19.8793431632          12.0          
-19.627602309          15.0          
-19.3758614492          16.0          
-19.1600835584          23.0          
-18.90834268          14.0          
-18.6566017922          15.0          
-18.404860897          15.0          
-18.1531199925          13.0          
-17.9013790786          20.0          
-17.6496381573          12.0          
-17.397897223          18.0          
-17.146156285          18.0          
-16.8944153357          12.0          
-16.6426743791          23.0          
-16.3909334131          15.0          
-16.1391924396          26.0          
-15.8874514531          19.0          
-15.6357104611          18.0          
-15.3839694597          19.0          
-15.132228449          29.0          
-14.8804874308          22.0          
-14.6287464015          22.0          
-14.3770053647          31.0          
-14.1252643205          28.0          
-13.9094862733          38.0          
-13.6577452123          42.0          
-13.406004142          38.0          
-13.1542630643          49.0          
-12.9025219735          35.0          
-12.6507808752          43.0          
-12.3990397714          46.0          
-12.1472986564          45.0          
-11.8955575339          50.0          
-11.6438164022          48.0          
-11.3920752592          56.0          
-11.1403341107          59.0          
-10.888592951          62.0          
-10.6368517857          51.0          
-10.3851106092          52.0          
-10.1333694234          63.0          
-9.88162823021          60.0          
-9.62988702767          64.0          
-9.37814581767          51.0          
-9.12640459649          44.0          
-8.91062640026          52.0          
-8.65888516419          56.0          
-8.40714391693          59.0          
-8.1554026641          64.0          
-7.90366140194          49.0          
-7.65192013048          51.0          
-7.4001788497          36.0          
-7.1484375596          38.0          
-6.89669626206          38.0          
-6.64495495521          54.0          
-6.3932136409          34.0          
-6.14147231542          44.0          
-5.88973098248          44.0          
-5.63798963837          51.0          
-5.38624829054          43.0          
-5.13450692967          40.0          
-4.88276556134          36.0          
-4.63102418371          36.0          
-4.37928279676          43.0          
-4.12754140422          40.0          
-3.8758000005          46.0          
-3.66002164781          38.0          
-3.4082802292          43.0          
-3.15653879754          51.0          
-2.9047973603          46.0          
-2.65305591561          61.0          
-2.40131445974          46.0          
-2.14957299642          61.0          
-1.89783152193          79.0          
-1.64609003998          99.0          
-1.39434855059          117.0          
-1.14260705188          187.0          
-0.890865543857          310.0          
-0.639124028385          519.0          
-0.387382503599          1039.0          
-0.135640967637          1431.0          
0.116100573912          1636.0          
0.367842126638          1281.0          
0.619583686814          784.0          
0.871325256303          467.0          
1.12306683324          261.0          
1.33884533681          143.0          
1.59058693238          101.0          
1.84232853539          82.0          
2.09407014586          87.0          
2.3458117675          54.0          
2.59755339846          57.0          
2.84929503687          62.0          
3.10103668272          45.0          
3.35277833976          58.0          
3.60452000424          52.0          
3.85626167618          52.0          
4.10800335929          37.0          
4.35974505171          47.0          
4.61148675159          43.0          
4.86322846077          51.0          
5.11497017741          62.0          
5.36671190336          42.0          
5.61845363863          59.0          
5.87019538507          47.0          
6.12193713523          58.0          
6.37367889658          55.0          
6.58945755847          53.0          
6.84119933471          66.0          
7.09294112399          70.0          
7.344682917          82.0          
7.59642472118          56.0          
7.84816653468          70.0          
8.09990835749          68.0          
8.35165018588          59.0          
8.60339202732          75.0          
8.8551338762          68.0          
9.10687573254          69.0          
9.35861759819          91.0          
9.61035947129          88.0          
9.8621013537          84.0          
10.1138432492          72.0          
10.3655851502          114.0          
10.6173270587          91.0          
10.8690689765          108.0          
11.1208109055          80.0          
11.3725528438          88.0          
11.6242947876          86.0          
11.8400736041          64.0          
12.0918155648          57.0          
12.3435575347          75.0          
12.5952995121          85.0          
12.8470415007          78.0          
13.0987834986          76.0          
13.350525504          74.0          
13.6022675168          53.0          
13.8540095408          55.0          
14.105751574          50.0          
14.3574936148          43.0          
14.609235663          54.0          
14.8609777205          55.0          
15.1127197873          47.0          
15.3644618653          46.0          
15.6162039489          44.0          
15.8679460417          40.0          
16.1196881421          39.0          
16.3714302517          37.0          
16.6231723726          41.0          
16.8389513399          33.0          
17.0906934757          30.0          
17.3424356207          41.0          
17.5941777732          20.0          
17.8459199369          33.0          
18.0976621062          40.0          
18.3494042885          30.0          
18.6011464782          36.0          
18.8528886754          21.0          
19.1046308801          23.0          
19.356373094          42.0          
19.6081153192          28.0          
19.8598575518          32.0          
20.1115997937          31.0          
20.3633420449          30.0          
20.6150843035          40.0          
20.8668265715          32.0          
21.1185688451          26.0          
21.3703111336          39.0          
21.6220534276          38.0          
21.8737957291          33.0          
22.0895748548          28.0          
22.3413171731          29.0          
22.5930595025          37.0          
22.8448018394          31.0          
23.0965441857          21.0          
23.3482865393          22.0          
23.6000289023          24.0          
23.8517712746          17.0          
24.1035136543          22.0          
24.3552560471          19.0          
24.6069984436          17.0          
24.8587408513          18.0          
25.1104832664          11.0          
25.3622256927          19.0          
25.6139681246          16.0          
25.8657105695          17.0          
26.1174530201          16.0          
26.3691954799          15.0          
26.620937949          20.0          
26.8726804256          18.0          
27.1244229134          22.0          
27.3402021956          13.0          
27.5919446982          12.0          
27.8436872084          15.0          
28.0954297297          16.0          
28.3471722584          15.0          
28.5989147965          19.0          
28.8506573439          11.0          
29.1023998987          13.0          
29.3541424628          13.0          
29.6058850363          22.0          
29.8576276172          13.0          
30.1093702074          14.0          
30.3611128088          16.0          
30.6128554177          11.0          
30.8645980339          8.0          
31.1163406596          13.0          
31.3680832963          9.0          
31.6198259387          14.0          
31.8715685904          17.0          
32.1233112514          13.0          
32.3390906826          13.0          
32.5908333603          8.0          
32.8425760455          4.0          
33.0943187419          11.0          
33.3460614458          6.0          
33.5978041571          6.0          
33.8495468795          8.0          
34.1012896094          11.0          
34.3530323505          10.0          
34.6047750972          8.0          
34.8565178532          6.0          
35.1082606167          5.0          
35.3600033913          2.0          
35.6117461771          10.0          
35.8634889685          10.0          
36.1152317673          7.0          
36.3669745773          10.0          
36.6187173948          7.0          
36.8704602234          9.0          
37.1222030595          8.0          
37.373945903          8.0          
37.5897254907          12.0          
37.8414683528          6.0          
38.0932112206          7.0          
38.3449540995          4.0          
38.5966969877          7.0          
38.8484398834          8.0          
39.1001827884          9.0          
39.3519257009          7.0          
39.6036686245          5.0          
39.8554115556          7.0          
40.107154496          6.0          
40.3588974439          5.0          
40.610640401          3.0          
40.8623833675          4.0          
41.1141263414          3.0          
41.3658693284          6.0          
41.6176123209          8.0          
41.8693553209          2.0          
42.1210983321          4.0          
42.3728413507          5.0          
42.6245843787          2.0          
42.8403641265          1.0          
43.0921071693          4.0          
43.3438502233          1.0          
43.595593283          5.0          
43.8473363537          8.0          
44.0990794338          5.0          
44.3508225232          2.0          
44.6025656201          4.0          
44.8543087263          2.0          
45.1060518399          3.0          
45.3577949628          0.0          
45.6095380951          7.0          
45.8612812366          3.0          
46.1130243856          4.0          
46.3647675458          5.0          
46.6165107116          7.0          
46.8682538886          0.0          
47.119997073          3.0          
47.3717402685          3.0          
47.6234834697          8.0          
47.8392633647          2.0          
48.0910065826          3.0          
48.3427498098          1.0          
48.5944930464          3.0          
48.8462362941          4.0          
49.0979795475          3.0          
49.3497228101          4.0          
49.601466082          3.0          
49.8532093614          2.0          
50.104952652          1.0          
50.3566959519          3.0          
50.6084392574          1.0          
50.8601825722          4.0          
51.1119258981          1.0          
51.3636692297          2.0          
51.6154125743          1.0          
51.8671559226          1.0          
52.1188992839          3.0          
52.3706426509          7.0          
52.6223860271          4.0          
52.8741294146          6.0          
53.089909466          1.0          
53.3416528702          2.0          
53.5933962818          4.0          
53.8451397009          2.0          
54.0968831275          3.0          
54.3486265671          1.0          
54.6003700141          4.0          
54.8521134686          2.0          
55.1038569324          3.0          
55.3556004036          3.0          
55.607343886          3.0          
55.8590873778          3.0          
56.110830877          2.0          
56.3625743836          1.0          
56.6143179014          1.0          
56.8660614248          4.0          
57.1178049613          0.0          
57.3695485033          2.0          
57.6212920547          1.0          
57.8730356153          4.0          
58.1247791834          2.0          
58.3405593932          0.0          
58.5923029799          1.0          
58.8440465759          1.0          
59.0957901776          2.0          
59.3475337904          0.0          
59.5992774107          2.0          
59.8510210402          2.0          
60.102764681          0.0          
60.3545083292          2.0          
60.606251983          4.0          
60.8579956479          2.0          
61.1097393204          1.0          
61.3614830058          2.0          
61.6132266968          1.0          
61.8649703972          2.0          
62.116714105          0.0          
62.3684578221          1.0          
62.6202015486          2.0          
62.8719452862          2.0          
63.1236890275          0.0          
63.3394693863          1.0          
63.5912131462          1.0          
63.8429569155          4.0          
64.0947006941          0.0          
64.346444482          2.0          
64.5981882773          1.0          
64.849932082          0.0          
65.101675896          1.0          
65.3534197155          1.0          
65.6051635481          2.0          
65.8569073882          0.0          
66.1086512357          0.0          
66.3603950925          0.0          
66.6121389586          1.0          
66.8638828322          2.0          
67.115626717          1.0          
67.3673706111          0.0          
67.6191145107          1.0          
67.8708584197          1.0          
68.122602338          1.0          
68.3743462656          0.0          
68.5901267827          1.0          
68.841870727          2.0          
69.0936146807          0.0          
69.3453586418          1.0          
69.5971026104          0.0          
69.8488465901          1.0          
70.1005905773          1.0          
70.3523345757          0.0          
70.6040785797          1.0          
70.8558225948          2.0          
71.1075666174          1.0          
71.3593106475          2.0          
71.6110546887          2.0          
71.8627987392          1.0          
72.1145427972          1.0          
72.3662868645          1.0          
72.6180309393          2.0          
72.8697750233          0.0          
73.1215191185          3.0          
73.3732632194          1.0          
73.5890438855          1.0          
73.8407880031          0.0          
74.0925321318          1.0          
74.3442762662          1.0          
74.5960204117          0.0          
74.8477645665          0.0          
75.0995087288          0.0          
75.3512529004          0.0          
75.6029970795          2.0          
75.8547412679          1.0          
76.1064854674          1.0          
76.3582296744          0.0          
76.6099738888          3.0          
76.8617181126          2.0          
77.1134623457          2.0          
77.3652065881          1.0          
77.616950836          0.0          
77.8686950952          0.0          
78.1204393636          3.0          
78.3721836433          1.0          
78.6239279266          0.0          
78.8397087492          1.0          
79.0914530512          1.0          
79.3431973625          0.0          
79.5949416813          1.0          
79.8466860093          1.0          
80.0984303467          1.0          
80.3501746934          1.0          
80.6019190494          0.0          
80.853663411          0.0          
81.1054077819          1.0          
81.3571521658          0.0          
81.6088965554          1.0          
81.8606409542          1.0          
82.1123853605          0.0          
82.3641297761          0.0          
82.6158742011          0.0          
82.8676186353          2.0          
83.1193630788          0.0          
83.3711075298          0.0          
83.6228519883          0.0          
83.8745964579          2.0          
84.0903774388          1.0          
84.3421219252          1.0          
84.593866419          0.0          
84.8456109222          1.0          
85.0973554328          0.0          
85.3490999527          0.0          
85.600844482          0.0          
85.8525890224          2.0          
86.1043335684          2.0          
86.3560781237          1.0          
86.6078226883          3.0          
86.8595672622          1.0          
87.1113118418          3.0          
87.3630564362          0.0          
87.6148010343          0.0          
87.8665456437          1.0          
88.1182902604          1.0          
88.3700348847          1.0          
88.6217795201          0.0          
88.8735241648          2.0          
89.0893052947          1.0          
89.3410499543          3.0          
89.5927946232          1.0          
89.8445392996          0.0          
89.9841968641          1.0          
90.2359414771          1.0          
90.4876860995          0.0          
90.7394307274          0.0          
90.9911753666          0.0          
