#Files Included:
#scan_0034.mda
#scan_0316.mda
#Energy= Column: 1
#Signal= Column: 2
-161.868898122          0.0          
-161.345914934          1.0          
-161.345914934          0.0          
-160.822931705          0.0          
-160.822931705          0.0          
-160.299948439          0.0          
-160.299948439          0.0          
-159.776965134          0.0          
-159.776965134          0.0          
-159.253981786          0.0          
-159.253981786          0.0          
-159.253981786          1.0          
-158.730998397          0.0          
-158.730998397          0.0          
-158.208014971          0.0          
-158.208014971          0.0          
-157.685031496          0.0          
-157.685031496          1.0          
-157.16204799          0.0          
-157.16204799          0.0          
-156.639064442          0.0          
-156.639064442          0.0          
-156.116080854          0.0          
-156.116080854          0.0          
-155.593097227          0.0          
-155.593097227          0.0          
-155.07011356          0.0          
-155.07011356          0.0          
-154.547129849          0.0          
-154.547129849          0.0          
-154.024146102          0.0          
-154.024146102          0.0          
-153.501162313          0.0          
-153.501162313          0.0          
-153.501162313          0.0          
-152.978178484          0.0          
-152.978178484          0.0          
-152.455194613          0.0          
-152.455194613          0.0          
-151.932210702          0.0          
-151.932210702          0.0          
-151.409226755          0.0          
-151.409226755          0.0          
-150.88624277          0.0          
-150.88624277          0.0          
-150.36325874          0.0          
-150.36325874          0.0          
-149.840274671          0.0          
-149.840274671          2.0          
-149.317290561          0.0          
-149.317290561          0.0          
-148.79430641          1.0          
-148.79430641          0.0          
-148.271322224          0.0          
-148.271322224          0.0          
-147.748337995          1.0          
-147.748337995          0.0          
-147.748337995          0.0          
-147.225353722          0.0          
-147.225353722          0.0          
-146.702369414          0.0          
-146.702369414          0.0          
-146.179385062          0.0          
-146.179385062          2.0          
-145.656400675          0.0          
-145.656400675          0.0          
-145.133416245          0.0          
-145.133416245          0.0          
-144.610431775          0.0          
-144.610431775          0.0          
-144.087447265          1.0          
-144.087447265          0.0          
-143.564462716          0.0          
-143.564462716          0.0          
-143.041478124          0.0          
-143.041478124          0.0          
-142.518493496          0.0          
-142.518493496          0.0          
-141.99550882          0.0          
-141.99550882          0.0          
-141.99550882          0.0          
-141.472524114          0.0          
-141.472524114          0.0          
-140.949539363          0.0          
-140.949539363          0.0          
-140.426554574          0.0          
-140.426554574          0.0          
-139.903569743          0.0          
-139.903569743          0.0          
-139.380584871          0.0          
-139.380584871          0.0          
-138.857599961          0.0          
-138.857599961          1.0          
-138.334615013          0.0          
-138.334615013          0.0          
-137.811630022          0.0          
-137.811630022          0.0          
-137.28864499          0.0          
-137.28864499          0.0          
-136.765659915          0.0          
-136.765659915          1.0          
-136.242674807          0.0          
-136.242674807          0.0          
-136.242674807          0.0          
-135.719689654          0.0          
-135.719689654          0.0          
-135.196704466          0.0          
-135.196704466          1.0          
-134.673719233          0.0          
-134.673719233          0.0          
-134.150733965          1.0          
-134.150733965          0.0          
-133.62774865          0.0          
-133.62774865          0.0          
-133.104763301          1.0          
-133.104763301          0.0          
-132.581777908          0.0          
-132.581777908          0.0          
-132.058792479          0.0          
-132.058792479          0.0          
-131.535807004          0.0          
-131.535807004          0.0          
-131.012821492          1.0          
-131.012821492          0.0          
-130.48983594          0.0          
-130.48983594          0.0          
-130.48983594          0.0          
-129.966850348          0.0          
-129.966850348          0.0          
-129.443864716          0.0          
-129.443864716          0.0          
-128.920879047          0.0          
-128.920879047          0.0          
-128.397893336          0.0          
-128.397893336          0.0          
-127.874907581          0.0          
-127.874907581          0.0          
-127.351921787          0.0          
-127.351921787          0.0          
-126.828935955          0.0          
-126.828935955          0.0          
-126.305950081          0.0          
-126.305950081          0.0          
-125.782964174          0.0          
-125.782964174          0.0          
-125.259978216          0.0          
-125.259978216          0.0          
-125.259978216          0.0          
-124.736992225          0.0          
-124.736992225          0.0          
-124.214006191          0.0          
-124.214006191          0.0          
-123.69102012          0.0          
-123.69102012          0.0          
-123.168034008          0.0          
-123.168034008          0.0          
-122.645047858          1.0          
-122.645047858          0.0          
-122.122061662          1.0          
-122.122061662          0.0          
-121.599075427          0.0          
-121.599075427          0.0          
-121.076089155          0.0          
-121.076089155          1.0          
-120.553102842          0.0          
-120.553102842          0.0          
-120.030116487          1.0          
-120.030116487          0.0          
-119.507130098          1.0          
-119.507130098          1.0          
-119.507130098          0.0          
-118.984143661          0.0          
-118.984143661          0.0          
-118.461157188          0.0          
-118.461157188          0.0          
-117.938170675          1.0          
-117.938170675          0.0          
-117.415184123          0.0          
-117.415184123          0.0          
-116.892197529          0.0          
-116.892197529          0.0          
-116.369210895          0.0          
-116.369210895          1.0          
-115.84622422          0.0          
-115.84622422          0.0          
-115.323237507          0.0          
-115.323237507          0.0          
-114.800250752          0.0          
-114.800250752          0.0          
-114.277263956          0.0          
-114.277263956          0.0          
-113.754277123          0.0          
-113.754277123          0.0          
-113.754277123          1.0          
-113.231290251          0.0          
-113.231290251          1.0          
-112.708303336          0.0          
-112.708303336          0.0          
-112.185316384          0.0          
-112.185316384          0.0          
-111.662329389          0.0          
-111.662329389          0.0          
-111.139342353          1.0          
-111.139342353          0.0          
-110.616355274          0.0          
-110.616355274          0.0          
-110.093368165          1.0          
-110.093368165          0.0          
-109.570381008          0.0          
-109.570381008          0.0          
-109.047393814          0.0          
-109.047393814          0.0          
-108.524406578          0.0          
-108.524406578          0.0          
-108.001419302          0.0          
-108.001419302          0.0          
-108.001419302          0.0          
-107.478431987          0.0          
-107.478431987          0.0          
-106.955444636          0.0          
-106.955444636          0.0          
-106.43245724          0.0          
-106.43245724          0.0          
-105.909469802          0.0          
-105.909469802          0.0          
-105.386482326          0.0          
-105.386482326          1.0          
-104.863494812          1.0          
-104.863494812          1.0          
-104.340507258          0.0          
-104.340507258          0.0          
-103.817519663          0.0          
-103.817519663          0.0          
-103.294532023          0.0          
-103.294532023          0.0          
-102.77154435          0.0          
-102.77154435          0.0          
-102.248556634          0.0          
-102.248556634          0.0          
-102.248556634          0.0          
-101.725568878          0.0          
-101.725568878          0.0          
-101.20258108          0.0          
-101.20258108          0.0          
-100.679593246          0.0          
-100.679593246          0.0          
-100.156605368          0.0          
-100.156605368          0.0          
-99.6336174533          0.0          
-99.6336174533          0.0          
-99.1106294971          0.0          
-99.1106294971          0.0          
-98.5876415018          0.0          
-98.5876415018          0.0          
-98.0646534637          2.0          
-98.0646534637          0.0          
-97.5416653883          0.0          
-97.5416653883          1.0          
-97.0186772738          0.0          
-97.0186772738          0.0          
-96.4956891164          0.0          
-96.4956891164          0.0          
-96.4956891164          0.0          
-95.9727009181          0.0          
-95.9727009181          0.0          
-95.4497126825          0.0          
-95.4497126825          0.0          
-94.926724406          0.0          
-94.926724406          0.0          
-94.4037360903          0.0          
-94.4037360903          0.0          
-93.8807477355          0.0          
-93.8807477355          0.0          
-93.3577593341          0.0          
-93.3577593341          0.0          
-92.8347708993          0.0          
-92.8347708993          0.0          
-92.3117824215          0.0          
-92.3117824215          0.0          
-91.7887939028          0.0          
-91.7887939028          0.0          
-91.2658053469          0.0          
-91.2658053469          0.0          
-90.7428167518          0.0          
-90.7428167518          0.0          
-90.7428167518          0.0          
-90.2198281083          0.0          
-90.2198281083          0.0          
-89.6968394332          0.0          
-89.6968394332          2.0          
-89.1738507133          0.0          
-89.1738507133          0.0          
-88.6508619543          0.0          
-88.6508619543          0.0          
-88.1278731637          1.0          
-88.1278731637          0.0          
-87.6048843227          0.0          
-87.6048843227          0.0          
-87.0818954464          0.0          
-87.0818954464          0.0          
-86.5589065272          0.0          
-86.5589065272          0.0          
-86.035917569          0.0          
-86.035917569          0.0          
-85.5129285678          0.0          
-85.5129285678          0.0          
-84.989939535          0.0          
-84.989939535          0.0          
-84.989939535          0.0          
-84.4669504557          0.0          
-84.4669504557          1.0          
-83.9439613391          0.0          
-83.9439613391          0.0          
-83.4209721778          0.0          
-83.4209721778          0.0          
-82.8979829811          0.0          
-82.8979829811          1.0          
-82.3749937415          1.0          
-82.3749937415          0.0          
-81.8520044629          0.0          
-81.8520044629          0.0          
-81.3290151469          0.0          
-81.3290151469          1.0          
-80.8060257863          0.0          
-80.8060257863          0.0          
-80.2830363847          0.0          
-80.2830363847          0.0          
-79.7600469459          0.552760403278          
-79.7600469459          0.552760403278          
-79.7600469459          0.552760403278          
-79.2370574679          2.0          
-79.2370574679          2.0          
-78.714067949          1.0          
-78.714067949          1.0          
-78.1910783891          1.21473170433          
-78.1910783891          0.214731704329          
-77.6680887919          0.0          
-77.6680887919          0.0          
-77.14509915          0.916869251421          
-77.14509915          1.91686925142          
-76.6221094728          1.16063339564          
-76.6221094728          2.16063339564          
-76.0991197508          0.761863923838          
-76.0991197508          1.76186392384          
-75.5761299953          2.36872252208          
-75.5761299953          3.36872252208          
-75.0531401951          1.39314143741          
-75.0531401951          0.393141437413          
-74.530150352          1.0          
-74.530150352          0.0          
-74.0071604736          2.54814684563          
-74.0071604736          2.54814684563          
-74.0071604736          0.548146845634          
-73.4841705542          0.374350438388          
-73.4841705542          0.374350438388          
-72.9611805957          0.820344328066          
-72.9611805957          1.82034432807          
-72.4381905962          1.07648783908          
-72.4381905962          1.07648783908          
-71.9152005557          0.0          
-71.9152005557          1.0          
-71.3922104742          1.0          
-71.3922104742          0.0          
-70.8692203555          3.0          
-70.8692203555          2.0          
-70.3462301921          0.0          
-70.3462301921          0.0          
-69.8232399914          1.0          
-69.8232399914          1.0          
-69.3002497554          0.611471287162          
-69.3002497554          0.611471287162          
-68.7772594728          1.0          
-68.7772594728          0.0          
-68.254269151          2.45646568285          
-68.254269151          0.45646568285          
-68.254269151          0.45646568285          
-67.731278792          1.27545669416          
-67.731278792          1.27545669416          
-67.2082883921          0.841397068302          
-67.2082883921          0.841397068302          
-66.6852979511          0.0811000935289          
-66.6852979511          0.0811000935289          
-66.162307471          0.00719455845323          
-66.162307471          0.00719455845323          
-65.6393169519          0.0          
-65.6393169519          0.0          
-65.1163263898          1.0          
-65.1163263898          1.0          
-64.5933357868          1.77108872376          
-64.5933357868          0.771088723757          
-64.0703451447          0.306414152188          
-64.0703451447          0.306414152188          
-63.5473544616          1.76783405151          
-63.5473544616          1.76783405151          
-63.024363745          1.0          
-63.024363745          1.0          
-62.5013729837          0.628743245818          
-62.5013729837          0.628743245818          
-62.5013729837          1.62874324582          
-61.9783821814          2.75928282793          
-61.9783821814          0.759282827931          
-61.45539134          1.83678573997          
-61.45539134          0.836785739974          
-60.9324004576          1.91428866567          
-60.9324004576          1.91428866567          
-60.409409536          1.0          
-60.409409536          1.0          
-59.8864185773          0.0692945052247          
-59.8864185773          2.06929450522          
-59.363427572          3.0          
-59.363427572          0.0          
-58.8404365312          1.77569959099          
-58.8404365312          1.77569959099          
-58.3174454495          0.0          
-58.3174454495          1.0          
-57.7944543269          0.0          
-57.7944543269          0.0          
-57.2714631632          3.0          
-57.2714631632          0.0          
-56.7484719642          1.35433884636          
-56.7484719642          4.35433884636          
-56.7484719642          2.35433884636          
-56.2254807241          0.49065517703          
-56.2254807241          1.49065517703          
-55.7024894413          0.0          
-55.7024894413          2.0          
-55.1794981174          3.90967842506          
-55.1794981174          1.90967842506          
-54.6565067526          0.0128185446673          
-54.6565067526          2.01281854467          
-54.1335153487          0.129368975963          
-54.1335153487          2.12936897596          
-53.6105239112          3.28437500314          
-53.6105239112          4.28437500314          
-53.0875324272          2.78030945191          
-53.0875324272          3.78030945191          
-52.564540904          2.70280639987          
-52.564540904          1.70280639987          
-52.0415493399          1.0          
-52.0415493399          1.0          
-51.5185577367          1.0          
-51.5185577367          2.0          
-50.9955660962          3.0          
-50.9955660962          1.0          
-50.9955660962          0.0          
-50.4725744147          1.0          
-50.4725744147          2.0          
-49.9495826904          2.82756612047          
-49.9495826904          5.82756612047          
-49.4265909232          1.0          
-49.4265909232          0.0          
-48.9035991188          4.0          
-48.9035991188          0.0          
-48.380607279          1.0          
-48.380607279          3.0          
-47.8576153945          2.86242141564          
-47.8576153945          1.86242141564          
-47.3346234728          3.21508171567          
-47.3346234728          3.21508171567          
-46.81163151          4.43544199429          
-46.81163151          2.43544199429          
-46.2886395063          3.0          
-46.2886395063          3.0          
-45.7656474635          3.0          
-45.7656474635          5.0          
-45.2426553797          2.33204852314          
-45.2426553797          1.33204852314          
-45.2426553797          3.33204852314          
-44.7196632512          3.49090933494          
-44.7196632512          4.49090933494          
-44.1966710892          7.17704215833          
-44.1966710892          7.17704215833          
-43.6736788861          5.09953895934          
-43.6736788861          2.09953895934          
-43.1506866422          2.04407151174          
-43.1506866422          2.04407151174          
-42.6276943609          5.0          
-42.6276943609          7.0          
-42.1047020331          5.62052981296          
-42.1047020331          8.62052981296          
-41.5817096699          5.35333103548          
-41.5817096699          2.35333103548          
-41.0587172676          3.56916573333          
-41.0587172676          5.56916573333          
-40.5357248243          2.50833750221          
-40.5357248243          5.50833750221          
-40.0127323382          8.8283184732          
-40.0127323382          8.8283184732          
-39.4897398129          7.33665597584          
-39.4897398129          7.33665597584          
-39.4897398129          7.33665597584          
-38.9667472467          9.74084730852          
-38.9667472467          11.7408473085          
-38.4437546413          13.3632988322          
-38.4437546413          12.3632988322          
-37.9207619987          12.1041461381          
-37.9207619987          12.1041461381          
-37.3977693133          7.0          
-37.3977693133          5.0          
-36.8747765869          7.11867443832          
-36.8747765869          13.1186744383          
-36.3517838214          10.728779077          
-36.3517838214          7.72877907698          
-35.8287910186          9.65127576391          
-35.8287910186          9.65127576391          
-35.305798173          12.5737724305          
-35.305798173          12.5737724305          
-34.7828052901          11.5037308904          
-34.7828052901          11.5037308904          
-34.2598123644          14.8375315179          
-34.2598123644          14.8375315179          
-34.2598123644          9.83753151792          
-33.7368193958          21.6349504291          
-33.7368193958          15.6349504291          
-33.21382639          21.2637590274          
-33.21382639          19.2637590274          
-32.6908333469          19.0          
-32.6908333469          20.0          
-32.1678402591          15.2175045638          
-32.1678402591          15.2175045638          
-31.644847136          19.0          
-31.644847136          20.0          
-31.1218539719          13.8108883722          
-31.1218539719          21.8108883722          
-30.5988607649          20.2001548754          
-30.5988607649          27.2001548754          
-30.0758675188          27.0          
-30.0758675188          26.0          
-29.5528742317          24.4216218733          
-29.5528742317          26.4216218733          
-29.0298809037          27.499125307          
-29.0298809037          23.499125307          
-28.5068875402          26.8467425182          
-28.5068875402          28.8467425182          
-28.5068875402          31.8467425182          
-27.9838941339          30.3082643734          
-27.9838941339          45.3082643734          
-27.4609006885          32.9265425557          
-27.4609006885          29.9265425557          
-26.9379072022          34.8091391005          
-26.9379072022          37.8091391005          
-26.4149136748          40.9705002818          
-26.4149136748          41.9705002818          
-25.8919201083          40.8929968019          
-25.8919201083          46.8929968019          
-25.3689265028          44.0774665787          
-25.3689265028          54.0774665787          
-24.8459328543          40.0960814958          
-24.8459328543          45.0960814958          
-24.3229391687          59.3024315601          
-24.3229391687          54.3024315601          
-23.7999454383          58.4978967155          
-23.7999454383          66.4978967155          
-23.2769516762          70.5164378438          
-23.2769516762          70.5164378438          
-22.7539578658          65.1440485298          
-22.7539578658          63.1440485298          
-22.7539578658          66.1440485298          
-22.2309640218          70.0          
-22.2309640218          70.0          
-21.7079701349          81.818905993          
-21.7079701349          76.818905993          
-21.184976209          79.1841278797          
-21.184976209          81.1841278797          
-20.661982242          88.0248955918          
-20.661982242          88.0248955918          
-20.1389882322          100.795201639          
-20.1389882322          83.795201639          
-19.6159941833          109.899513832          
-19.6159941833          120.899513832          
-19.0930000991          105.772219021          
-19.0930000991          99.7722190205          
-18.5700059719          107.669819874          
-18.5700059719          118.669819874          
-18.047011802          100.237240657          
-18.047011802          116.237240657          
-17.5240175966          110.489917155          
-17.5240175966          133.489917155          
-17.0010233447          106.0          
-17.0010233447          120.0          
-17.0010233447          103.0          
-16.4780290592          158.0          
-16.4780290592          131.0          
-15.9550347328          134.628669089          
-15.9550347328          149.628669089          
-15.4320403654          119.114422314          
-15.4320403654          161.114422314          
-14.909045957          143.060877504          
-14.909045957          147.060877504          
-14.3860515077          176.391184677          
-14.3860515077          164.391184677          
-13.8630570192          194.474100457          
-13.8630570192          187.474100457          
-13.3400624879          198.483178769          
-13.3400624879          216.483178769          
-12.817067923          191.981843256          
-12.817067923          244.981843256          
-12.2940733153          229.0          
-12.2940733153          248.0          
-11.7710786667          219.823775397          
-11.7710786667          244.823775397          
-11.2480839789          243.005093135          
-11.2480839789          272.005093135          
-11.2480839789          293.005093135          
-10.7250892501          302.181329523          
-10.7250892501          302.181329523          
-10.2020944804          308.0          
-10.2020944804          324.0          
-9.67909967341          317.061813335          
-9.67909967341          300.061813335          
-9.15610482357          320.031380835          
-9.15610482357          317.031380835          
-8.63310993649          347.440834972          
-8.63310993649          323.440834972          
-8.11011500284          346.024187706          
-8.11011500284          371.024187706          
-7.58712003566          420.0          
-7.58712003566          412.0          
-7.06412502564          423.536993547          
-7.06412502564          452.536993547          
-6.54112997837          427.241720816          
-6.54112997837          424.241720816          
-6.01813488826          455.922852364          
-6.01813488826          431.922852364          
-5.4951397609          492.896777892          
-5.4951397609          527.896777892          
-5.4951397609          483.896777892          
-4.97214459255          496.664266474          
-4.97214459255          493.664266474          
-4.44914937951          520.0          
-4.44914937951          539.0          
-3.92615413107          519.468684121          
-3.92615413107          505.468684121          
-3.40315884352          494.133072251          
-3.40315884352          514.133072251          
-2.88016351126          540.620152466          
-2.88016351126          501.620152466          
-2.35716814175          521.328776544          
-2.35716814175          556.328776544          
-1.83417273313          646.051192605          
-1.83417273313          619.051192605          
-1.31117728166          800.201982398          
-1.31117728166          984.201982398          
-0.788181791082          1551.74260936          
-0.788181791082          2741.74260936          
-0.265186265111          6111.12673002          
-0.265186265111          7639.12673002          
0.257809307426          7158.06043648          
0.257809307426          4888.06043648          
0.257809307426          3499.06043648          
0.780804917216          1640.35469724          
0.780804917216          1181.35469724          
1.30380056798          770.614075945          
1.30380056798          687.614075945          
1.82679625973          610.781160836          
1.82679625973          598.781160836          
2.34979199246          565.006489327          
2.34979199246          533.006489327          
2.87278775871          584.664027012          
2.87278775871          555.664027012          
3.39578356966          588.577541926          
3.39578356966          604.577541926          
3.9187794216          570.80499421          
3.9187794216          605.80499421          
4.44177531078          600.676696178          
4.44177531078          629.676696178          
4.96477124281          627.684331223          
4.96477124281          612.684331223          
5.48776721396          631.31377859          
5.48776721396          559.31377859          
6.01076322235          534.540628925          
6.01076322235          550.540628925          
6.01076322235          568.540628925          
6.53375927359          515.922487113          
6.53375927359          551.922487113          
7.0567553658          557.315704563          
7.0567553658          536.315704563          
7.57975149713          522.790180107          
7.57975149713          558.790180107          
8.10274766758          515.02079312          
8.10274766758          436.02079312          
8.62574388273          478.635154612          
8.62574388273          447.635154612          
9.14874013141          426.941390154          
9.14874013141          450.941390154          
9.67173642293          427.92245059          
9.67173642293          457.92245059          
10.1947327536          437.733380953          
10.1947327536          456.733380953          
10.7177291252          454.935464651          
10.7177291252          453.935464651          
11.2407255396          398.292510575          
11.2407255396          393.292510575          
11.2407255396          373.292510575          
11.7637219913          362.254483056          
11.7637219913          418.254483056          
12.2867184766          351.177358996          
12.2867184766          351.177358996          
12.809715014          326.0          
12.809715014          347.0          
13.3327115849          341.679152592          
13.3327115849          331.679152592          
13.8557081986          329.99187685          
13.8557081986          329.99187685          
14.3787048496          284.700814433          
14.3787048496          269.700814433          
14.9017015416          277.638738646          
14.9017015416          327.638738646          
15.4246982709          245.863309039          
15.4246982709          260.863309039          
15.9476950467          273.800663893          
15.9476950467          210.800663893          
16.470691856          241.16602073          
16.470691856          244.16602073          
16.9936887082          238.0          
16.9936887082          259.0          
16.9936887082          236.0          
17.516685605          232.634643034          
17.516685605          239.634643034          
18.0396825373          174.760182671          
18.0396825373          213.760182671          
18.5626795087          237.376868563          
18.5626795087          204.376868563          
19.0856765229          196.575955338          
19.0856765229          171.575955338          
19.6086735744          176.970781069          
19.6086735744          200.970781069          
20.1316706669          179.360830103          
20.1316706669          177.360830103          
20.6546678003          189.0          
20.6546678003          174.0          
21.1776649728          166.104195307          
21.1776649728          173.104195307          
21.7006621845          184.564554692          
21.7006621845          164.564554692          
22.223659439          139.476926403          
22.223659439          126.476926403          
22.7466567326          154.192487841          
22.7466567326          159.192487841          
22.7466567326          149.192487841          
23.2696540691          169.28767145          
23.2696540691          159.28767145          
23.7926514428          128.710895034          
23.7926514428          126.710895034          
24.3156488575          132.667637133          
24.3156488575          130.667637133          
24.8386463057          137.0          
24.8386463057          109.0          
25.3616437986          121.60713071          
25.3616437986          98.6071307099          
25.8846413344          104.667686013          
25.8846413344          103.667686013          
26.4076389093          104.429825383          
26.4076389093          109.429825383          
26.9306365214          100.4538776          
26.9306365214          111.4538776          
27.4536341783          92.1180524994          
27.4536341783          83.1180524994          
27.9766318705          106.481521917          
27.9766318705          93.4815219172          
28.4996296074          95.0          
28.4996296074          94.0          
28.4996296074          77.0          
29.0226273779          97.3674340029          
29.0226273779          90.3674340029          
29.545625193          83.4940529468          
29.545625193          80.4940529468          
30.0686230492          97.6569911247          
30.0686230492          68.6569911247          
30.5916209426          59.1465712755          
30.5916209426          71.1465712755          
31.1146188769          62.7581689332          
31.1146188769          69.7581689332          
31.6376168486          65.1845364741          
31.6376168486          71.1845364741          
32.1606148649          52.281370291          
32.1606148649          63.281370291          
32.6836129222          56.3588747264          
32.6836129222          53.3588747264          
33.2066110149          50.8181042385          
33.2066110149          63.8181042385          
33.7296091486          52.4305820912          
33.7296091486          59.4305820912          
34.2526073232          53.5913880259          
34.2526073232          52.5913880259          
34.2526073232          52.5913880259          
34.7756055389          46.3244300516          
34.7756055389          60.3244300516          
35.2986037973          39.0          
35.2986037973          50.0          
35.8216020912          37.0997242719          
35.8216020912          53.0997242719          
36.3446004242          52.778684752          
36.3446004242          40.778684752          
36.8675988          40.8782324599          
36.8675988          30.8782324599          
37.3905972131          38.597816066          
37.3905972131          40.597816066          
37.9135956727          32.1696703665          
37.9135956727          26.1696703665          
38.4365941677          36.2914378727          
38.4365941677          41.2914378727          
38.9595927037          33.431785585          
38.9595927037          29.431785585          
39.482591277          42.0          
39.482591277          30.0          
40.005589895          31.2396160326          
40.005589895          35.2396160326          
40.005589895          30.2396160326          
40.5285885502          27.3285984041          
40.5285885502          30.3285984041          
41.0515872426          29.0          
41.0515872426          32.0          
41.5745859817          34.8864963824          
41.5745859817          16.8864963824          
42.097584758          26.9206599292          
42.097584758          26.9206599292          
42.6205835734          21.117174614          
42.6205835734          27.117174614          
43.1435824335          21.389358435          
43.1435824335          20.389358435          
43.6665813252          23.7278161978          
43.6665813252          22.7278161978          
44.1895802636          17.9509347552          
44.1895802636          25.9509347552          
44.712579241          24.2912278714          
44.712579241          25.2912278714          
45.2355782557          16.9906047072          
45.2355782557          18.9906047072          
45.7585773133          25.679236004          
45.7585773133          23.679236004          
45.7585773133          23.679236004          
46.2815764081          17.1974359407          
46.2815764081          14.1974359407          
46.804575542          11.1199313          
46.804575542          14.1199313          
47.3275747206          17.8727200979          
47.3275747206          22.8727200979          
47.8505739383          17.0701560839          
47.8505739383          15.0701560839          
48.3735731952          17.0          
48.3735731952          14.0          
48.8965724949          19.8099126016          
48.8965724949          25.8099126016          
49.4195718318          16.4648158195          
49.4195718318          14.4648158195          
49.942571206          11.3803871085          
49.942571206          11.3803871085          
50.4655706249          14.5773985133          
50.4655706249          9.57739851329          
50.9885700811          9.0          
50.9885700811          9.0          
51.5115695782          8.16140420718          
51.5115695782          13.1614042072          
51.5115695782          8.16140420718          
52.0345691182          13.202027187          
52.0345691182          4.20202718701          
52.5575686954          10.750955108          
52.5575686954          7.75095510797          
53.0805683099          11.0          
53.0805683099          8.0          
53.6035679709          11.0609741114          
53.6035679709          12.0609741114          
54.1265676692          10.8920081714          
54.1265676692          7.89200817135          
54.6495674066          10.8145033951          
54.6495674066          5.81450339506          
55.172567185          5.26300139195          
55.172567185          5.26300139195          
55.6955670044          11.3405061823          
55.6955670044          7.3405061823          
56.2185668573          8.0          
56.2185668573          12.0          
56.7415667567          8.0          
56.7415667567          13.0          
56.7415667567          12.0          
57.2645666953          8.71587774052          
57.2645666953          5.71587774052          
57.787566673          9.586765131          
57.787566673          8.586765131          
58.3105666935          1.87088741409          
58.3105666935          7.87088741409          
58.8335667513          12.0          
58.8335667513          6.0          
59.3565668482          5.0          
59.3565668482          4.0          
59.879566988          8.79319608727          
59.879566988          7.79319608727          
60.402567165          4.0          
60.402567165          6.0          
60.9255673848          2.0          
60.9255673848          10.0          
61.4485676438          7.0          
61.4485676438          5.0          
61.9715679418          6.88744277844          
61.9715679418          5.88744277844          
62.4945682809          7.63378351491          
62.4945682809          3.63378351491          
62.4945682809          3.63378351491          
63.0175686609          8.28871157023          
63.0175686609          12.2887115702          
63.54056908          10.2112066536          
63.54056908          4.2112066536          
64.0635695402          3.0          
64.0635695402          5.0          
64.5865700413          5.88760644536          
64.5865700413          6.88760644536          
65.1095705796          5.97869184081          
65.1095705796          3.97869184081          
65.6325711571          4.80237380318          
65.6325711571          8.80237380318          
66.1555717736          1.82368195196          
66.1555717736          7.82368195196          
66.6785724368          6.0          
66.6785724368          3.0          
67.2015731353          3.0          
67.2015731353          2.0          
67.724573873          9.10338024791          
67.724573873          4.10338024791          
68.2475746572          4.62919513667          
68.2475746572          3.62919513667          
68.2475746572          6.62919513667          
68.7705754712          2.70670011355          
68.7705754712          3.70670011355          
69.2935763355          7.2157948533          
69.2935763355          4.2157948533          
69.8165772352          3.0          
69.8165772352          3.0          
70.3395781759          4.0          
70.3395781759          2.0          
70.8625791557          5.0          
70.8625791557          0.0          
71.3855801765          3.0          
71.3855801765          0.0          
71.9085812345          1.62917491038          
71.9085812345          2.62917491038          
72.4315823354          4.0          
72.4315823354          2.0          
72.9545834754          5.0          
72.9545834754          3.0          
73.4775846582          0.452897331133          
73.4775846582          2.45289733113          
74.0005858783          2.0          
74.0005858783          2.0          
74.0005858783          1.0          
74.5235871412          1.0          
74.5235871412          1.0          
75.0465884376          3.0          
75.0465884376          2.0          
75.5695897788          1.0          
75.5695897788          2.0          
76.0925911609          0.934628185945          
76.0925911609          2.93462818594          
76.6155925822          1.01415553689          
76.6155925822          6.01415553689          
77.1385940444          1.76750440437          
77.1385940444          1.76750440437          
77.6615955457          1.0          
77.6615955457          4.0          
78.1845970824          2.0          
78.1845970824          1.0          
78.7075986657          2.46501104987          
78.7075986657          3.46501104987          
79.23060029          2.0          
79.23060029          1.0          
79.7536019497          1.2400428123          
79.7536019497          2.2400428123          
79.7536019497          3.2400428123          
80.2766036522          3.0          
80.2766036522          5.0          
80.7996053938          5.0          
80.7996053938          3.0          
81.3226071727          1.0          
81.3226071727          1.0          
81.8456089925          0.0          
81.8456089925          0.0          
82.3686108552          4.0          
82.3686108552          2.0          
82.891612757          1.0          
82.891612757          1.0          
83.4146147016          0.0          
83.4146147016          1.0          
83.9376166835          1.0          
83.9376166835          3.0          
84.4606187064          2.0          
84.4606187064          0.0          
84.9836207666          2.0          
84.9836207666          3.0          
85.5066228695          3.0          
85.5066228695          1.0          
85.5066228695          0.0          
86.0296250135          1.0          
86.0296250135          1.0          
86.5526271947          1.0          
86.5526271947          1.0          
87.0756294169          1.0          
87.0756294169          0.0          
87.5986316763          2.0          
87.5986316763          2.0          
88.1216339823          1.0          
88.1216339823          0.0          
88.6446363218          1.0          
88.6446363218          0.0          
89.1676387098          0.0          
89.1676387098          0.0          
89.6906411294          1.0          
89.6906411294          1.0          
90.2136435937          0.0          
90.2136435937          2.0          
90.7366460953          1.0          
90.7366460953          0.0          
91.2596486397          0.0          
91.2596486397          1.0          
91.2596486397          0.0          
91.7826512214          1.0          
91.7826512214          0.0          
92.3056538459          0.0          
92.3056538459          2.0          
92.8286565077          0.0          
92.8286565077          0.0          
93.3516592104          0.0          
93.3516592104          0.0          
93.8746619541          2.0          
93.8746619541          0.0          
94.397664737          5.0          
94.397664737          0.0          
94.9206675608          1.0          
94.9206675608          0.0          
95.4436704274          0.0          
95.4436704274          1.0          
95.9666733295          0.0          
95.9666733295          1.0          
96.4896762762          0.0          
96.4896762762          1.0          
96.4896762762          2.0          
97.0126792565          0.0          
97.0126792565          0.0          
97.5356822778          0.0          
97.5356822778          0.0          
98.0586853474          0.0          
98.0586853474          1.0          
98.5816884488          0.0          
98.5816884488          0.0          
99.1046915911          1.0          
99.1046915911          0.0          
99.62769478          1.0          
99.62769478          0.0          
100.150698002          0.0          
100.150698002          0.0          
100.673701266          0.0          
100.673701266          0.0          
101.19670457          1.0          
101.19670457          0.0          
101.719707916          0.0          
101.719707916          1.0          
102.2427113          0.0          
102.2427113          0.0          
102.2427113          0.0          
102.765714725          0.0          
102.765714725          0.0          
103.288718188          0.0          
103.288718188          2.0          
103.811721694          0.0          
103.811721694          0.0          
104.334725238          2.0          
104.334725238          0.0          
104.857728824          1.0          
104.857728824          0.0          
105.380732451          1.0          
105.380732451          0.0          
105.903736118          3.0          
105.903736118          1.0          
106.426739819          0.0          
106.426739819          1.0          
106.949743563          0.0          
106.949743563          1.0          
107.47274735          0.0          
107.47274735          0.0          
107.995751174          1.0          
107.995751174          1.0          
107.995751174          0.0          
108.518755041          0.0          
108.518755041          0.0          
109.041758947          0.0          
109.041758947          0.0          
109.56476289          0.0          
109.56476289          1.0          
110.087766878          0.0          
110.087766878          0.0          
110.610770904          0.0          
110.610770904          0.0          
111.13377497          0.0          
111.13377497          0.0          
111.656779077          0.0          
111.656779077          0.0          
112.179783221          1.0          
112.179783221          1.0          
112.702787407          0.0          
112.702787407          0.0          
113.225791633          0.0          
113.225791633          0.0          
113.7487959          0.0          
113.7487959          1.0          
113.7487959          1.0          
114.271800207          0.0          
114.271800207          0.0          
114.794804556          0.0          
114.794804556          0.0          
115.317808941          1.0          
115.317808941          0.0          
115.840813367          0.0          
115.840813367          0.0          
116.363817832          0.0          
116.363817832          1.0          
116.886822339          1.0          
116.886822339          0.0          
117.409826886          1.0          
117.409826886          0.0          
117.932831474          0.0          
117.932831474          0.0          
118.455836099          0.0          
118.455836099          1.0          
118.978840765          0.0          
118.978840765          0.0          
119.501845472          0.0          
119.501845472          0.0          
119.501845472          0.0          
120.024850219          1.0          
120.024850219          0.0          
120.54785501          0.0          
120.54785501          0.0          
121.070859836          0.0          
121.070859836          1.0          
121.593864704          0.0          
121.593864704          0.0          
122.11686961          1.0          
122.11686961          0.0          
122.639874555          0.0          
122.639874555          0.0          
123.162879545          0.0          
123.162879545          1.0          
123.685884574          0.0          
123.685884574          0.0          
124.208889643          0.0          
124.208889643          0.0          
124.73189475          0.0          
124.73189475          0.0          
125.254899895          1.0          
125.254899895          0.0          
125.254899895          0.0          
125.777905084          0.0          
125.777905084          0.0          
126.300910315          1.0          
126.300910315          0.0          
126.823915582          0.0          
126.823915582          1.0          
127.346920891          2.0          
127.346920891          0.0          
127.869926238          0.0          
127.869926238          0.0          
128.392931625          0.0          
128.392931625          1.0          
128.915937051          0.0          
128.915937051          1.0          
129.438942522          0.0          
129.438942522          0.0          
129.96194803          1.0          
129.96194803          0.0          
130.48495358          1.0          
130.48495358          0.0          
131.00795917          1.0          
131.00795917          0.0          
131.00795917          1.0          
131.530964796          0.0          
131.530964796          1.0          
132.053970467          0.0          
132.053970467          0.0          
132.576976173          2.0          
132.576976173          0.0          
133.099981925          2.0          
133.099981925          0.0          
133.622987714          1.0          
133.622987714          0.0          
134.145993544          0.0          
134.145993544          0.0          
134.668999411          0.0          
134.668999411          1.0          
135.192005318          0.0          
135.192005318          1.0          
135.715011271          0.0          
135.715011271          0.0          
136.238017259          0.0          
136.238017259          0.0          
136.761023289          0.0          
136.761023289          1.0          
136.761023289          0.0          
137.284029359          1.0          
137.284029359          0.0          
137.807035467          0.0          
137.807035467          0.0          
138.330041617          0.0          
138.330041617          1.0          
138.853047807          0.0          
138.853047807          0.0          
139.376054037          0.0          
139.376054037          0.0          
139.899060307          0.0          
139.899060307          0.0          
140.42206662          0.0          
140.42206662          0.0          
140.945072968          0.0          
140.945072968          0.0          
141.468079358          0.0          
141.468079358          2.0          
141.99108579          0.0          
141.99108579          0.0          
141.99108579          1.0          
142.514092259          0.0          
142.514092259          0.0          
143.037098769          0.0          
143.037098769          0.0          
143.56010532          0.0          
143.56010532          0.0          
144.083111908          0.0          
144.083111908          0.0          
144.606118539          0.0          
144.606118539          0.0          
145.129125211          0.0          
145.129125211          0.0          
145.652131921          0.0          
145.652131921          1.0          
146.175138673          1.0          
146.175138673          0.0          
146.698145468          0.0          
146.698145468          0.0          
147.221152296          0.0          
147.221152296          0.0          
147.744159166          0.0          
147.744159166          0.0          
147.744159166          0.0          
148.267166078          1.0          
148.267166078          1.0          
148.790173028          0.0          
148.790173028          0.0          
149.313180022          0.0          
149.313180022          0.0          
149.836187053          0.0          
149.836187053          0.0          
150.35919412          0.0          
150.35919412          0.0          
150.882201236          0.0          
150.882201236          0.0          
151.405208386          0.0          
151.405208386          0.0          
151.928215578          0.0          
151.928215578          0.0          
152.451222809          0.0          
152.451222809          0.0          
152.974230085          0.0          
152.974230085          0.0          
153.497237395          0.0          
153.497237395          2.0          
153.497237395          0.0          
154.020244746          0.0          
154.020244746          0.0          
154.543252138          0.0          
154.543252138          0.0          
155.06625957          0.0          
155.06625957          0.0          
155.589267043          1.0          
155.589267043          0.0          
156.112274555          0.0          
156.112274555          0.0          
156.635282107          0.0          
156.635282107          0.0          
157.158289701          0.0          
157.158289701          0.0          
157.681297332          0.0          
157.681297332          0.0          
158.204305004          1.0          
158.204305004          0.0          
158.727312718          0.0          
158.727312718          0.0          
159.250320472          0.0          
159.250320472          0.0          
159.250320472          0.0          
159.773328261          0.0          
159.773328261          0.0          
160.296336094          1.0          
160.296336094          0.0          
160.819343967          0.0          
160.819343967          0.0          
161.342351886          0.0          
161.342351886          0.0          
161.865359837          1.0          
161.865359837          1.0          
162.38836783          0.0          
162.38836783          0.0          
162.91137586          0.0          
162.91137586          0.0          
163.434383933          0.0          
163.434383933          0.0          
163.957392048          0.0          
163.957392048          0.0          
164.480400205          0.0          
164.480400205          0.0          
165.003408395          0.0          
165.003408395          0.0          
165.003408395          0.0          
165.526416631          0.0          
165.526416631          0.0          
166.049424902          0.0          
166.049424902          0.0          
166.572433218          0.0          
166.572433218          0.0          
167.095441572          0.0          
167.095441572          0.0          
167.618449965          0.0          
167.618449965          1.0          
168.141458401          0.0          
168.141458401          0.0          
168.664466875          0.0          
168.664466875          0.0          
169.187475385          0.0          
169.187475385          0.0          
169.71048394          0.0          
169.71048394          0.0          
170.233492535          0.0          
170.233492535          0.0          
170.756501172          0.0          
170.756501172          0.0          
170.756501172          0.0          
171.279509844          0.0          
171.279509844          0.0          
171.802518563          0.0          
171.802518563          0.0          
172.325527316          0.0          
172.325527316          0.0          
172.84853611          0.0          
172.84853611          0.0          
173.371544946          0.0          
173.371544946          0.0          
173.89455382          1.0          
173.89455382          0.0          
174.417562732          0.0          
174.417562732          0.0          
174.94057169          0.0          
174.94057169          1.0          
175.463580681          0.0          
175.463580681          0.0          
175.986589719          0.0          
175.986589719          0.0          
176.509598793          0.0          
176.509598793          0.0          
176.509598793          0.0          
177.032607913          0.0          
177.032607913          1.0          
177.555617066          0.0          
177.555617066          0.0          
178.078626262          1.0          
178.078626262          0.0          
