#Files Included:
#scan_0009.mda
#scan_0010.mda
#scan_0018.mda
#Energy= Column: 1
#Signal= Column: 2
-86.0929965563          0.0          
-85.8412576728          0.0          
-85.589518778          0.0          
-85.3377798758          0.0          
-85.0860409662          0.0          
-84.8343020473          0.0          
-84.582563119          0.0          
-84.3308241814          0.0          
-84.0790852346          0.0          
-83.8273462821          0.0          
-83.5756073184          0.0          
-83.3238683473          0.0          
-83.0721293651          0.0          
-82.8203903753          0.0          
-82.5686513782          0.0          
-82.3528750855          0.0          
-82.1011360716          1.0          
-81.8493970484          0.0          
-81.5976580139          0.0          
-81.3459189739          0.0          
-81.0941799227          0.0          
-80.8424408659          0.0          
-80.590701798          0.0          
-80.3389627226          0.0          
-80.0872236378          1.0          
-79.8354845438          0.0          
-79.5837454423          0.0          
-79.3320063297          1.0          
-79.0802672077          1.0          
-78.8285280801          0.0          
-78.5767889414          2.0          
-78.3250497952          0.0          
-78.0733106397          0.0          
-77.8215714749          0.0          
-77.5698323008          0.0          
-77.3180931192          2.0          
-77.1023166701          2.0          
-76.8505774718          0.0          
-76.598838266          2.0          
-76.3470990509          0.0          
-76.0953598265          1.0          
-75.8436205927          0.0          
-75.5918813515          0.0          
-75.340142101          1.0          
-75.0884028412          0.0          
-74.8366635703          1.0          
-74.5849242937          1.0          
-74.3331850078          0.0          
-74.0814457126          1.0          
-73.8297064099          3.0          
-73.577967098          1.0          
-73.3262277767          2.0          
-73.074488448          1.0          
-72.8227491081          0.0          
-72.5710097589          2.0          
-72.3192704022          1.0          
-72.0675310381          0.0          
-71.8517544325          0.0          
-71.6000150498          1.0          
-71.3482756596          0.0          
-71.096536262          0.0          
-70.8447968531          1.0          
-70.5930574369          1.0          
-70.3413180094          0.0          
-70.0895785764          0.0          
-69.8378391322          1.0          
-69.5860996805          1.0          
-69.3343602195          1.0          
-69.0826207511          1.0          
-68.8308812734          0.0          
-68.5791417845          1.0          
-68.3274022881          0.0          
-68.0756627843          0.0          
-67.8239232693          0.0          
-67.5721837487          0.0          
-67.320444217          0.0          
-67.0687046777          0.0          
-66.8529279213          0.0          
-66.6011883654          1.0          
-66.3494488019          0.0          
-66.0977092274          0.0          
-65.8459696453          0.0          
-65.5942300539          0.0          
-65.3424904533          0.0          
-65.0907508433          1.0          
-64.8390112258          0.0          
-64.5872715991          0.0          
-64.3355319649          0.0          
-64.0837923195          0.0          
-63.8320526648          1.0          
-63.5803130046          0.0          
-63.3285733331          0.0          
-63.0768336542          0.0          
-62.8250939678          0.0          
-62.5733542703          0.0          
-62.3216145653          2.0          
-62.0698748492          0.0          
-61.8181351256          1.0          
-61.6023582146          0.0          
-61.3506184723          1.0          
-61.0988787264          1.0          
-60.8471389674          1.0          
-60.5953992028          1.0          
-60.343659427          1.0          
-60.0919196438          0.0          
-59.8401798531          0.0          
-59.5884400513          0.0          
-59.3367002402          1.0          
-59.0849604215          1.0          
-58.8332205936          2.0          
-58.5814807564          0.0          
-58.3297409117          1.0          
-58.0780010577          1.0          
-57.8262611963          0.0          
-57.5745213255          1.0          
-57.3227814455          1.0          
-57.0710415542          0.0          
-56.8193016555          1.0          
-56.5675617512          1.0          
-56.35178468          0.0          
-56.1000447571          1.0          
-55.8483048249          3.0          
-55.5965648852          0.0          
-55.3448249362          1.0          
-55.0930849761          1.0          
-54.8413450103          1.0          
-54.5896050334          1.0          
-54.337865049          0.0          
-54.0861250553          0.0          
-53.8343850542          1.0          
-53.5826450437          2.0          
-53.3309050221          0.0          
-53.0791649949          0.0          
-52.8274249583          1.0          
-52.5756849125          1.0          
-52.3239448555          2.0          
-52.072204791          1.0          
-51.8204647191          2.0          
-51.5687246397          1.0          
-51.3169845492          0.0          
-51.1012073215          0.0          
-50.8494672142          1.0          
-50.5977270994          0.0          
-50.3459869754          2.0          
-50.094246842          0.0          
-49.8425067011          1.0          
-49.590766551          0.0          
-49.3390263915          0.0          
-49.0872862227          1.0          
-48.8355460446          2.0          
-48.583805861          1.0          
-48.3320656661          2.0          
-48.0803254619          0.0          
-47.8285852503          2.0          
-47.5768450294          1.0          
-47.3251047991          1.0          
-47.0733645614          2.0          
-46.8216243163          0.0          
-46.5698840581          0.0          
-46.3181437943          1.0          
-46.1023664176          1.0          
-45.8506261352          1.0          
-45.5988858473          0.0          
-45.3471455481          1.0          
-45.0954052377          0.0          
-44.8436649237          1.0          
-44.5919245984          2.0          
-44.3401842657          1.0          
-44.0884439219          0.0          
-43.8367035706          6.0          
-43.5849632118          1.0          
-43.3332228418          2.0          
-43.0814824626          0.0          
-42.8297420759          1.0          
-42.5780016817          2.0          
-42.3262612782          3.0          
-42.0745208636          5.0          
-41.8227804434          0.0          
-41.5710400101          4.0          
-41.3192995731          1.0          
-41.067559123          1.0          
-40.851781588          1.0          
-40.6000411231          1.0          
-40.3483006526          0.0          
-40.096560169          2.0          
-39.8448196799          1.0          
-39.5930791795          3.0          
-39.3413386717          1.0          
-39.0895981546          3.0          
-38.8378576282          4.0          
-38.5861170925          3.0          
-38.3343765493          1.0          
-38.0826359969          1.0          
-37.8308954351          2.0          
-37.579154864          0.0          
-37.3274142854          1.0          
-37.0756736975          2.0          
-36.8239331041          0.0          
-36.5721924994          2.0          
-36.3204518817          1.0          
-36.0687112603          8.0          
-35.8529335782          0.0          
-35.6011929363          3.0          
-35.3494522888          1.0          
-35.097711632          4.0          
-34.8459709659          1.0          
-34.5942302924          2.0          
-34.3424896095          1.0          
-34.0907489173          2.0          
-33.8390082177          5.0          
-33.5872675069          2.0          
-33.3355267886          5.0          
-33.083786061          0.0          
-32.8320453279          2.0          
-32.5803045817          4.0          
-32.328563828          4.0          
-32.0768230651          1.0          
-31.8250822928          6.0          
-31.5733415131          4.0          
-31.3216007259          8.0          
-31.0698599294          6.0          
-30.8181191217          8.0          
-30.6023412813          4.0          
-30.3506004587          1.0          
-30.0988596287          10.0          
-29.8471187875          7.0          
-29.5953779388          6.0          
-29.3436370827          6.0          
-29.0918962136          4.0          
-28.8401553389          7.0          
-28.5884144548          12.0          
-28.3366735615          12.0          
-28.0849326588          4.0          
-27.8331917468          9.0          
-27.5814508293          10.0          
-27.3297099005          8.0          
-27.0779689644          4.0          
-26.8262280189          6.0          
-26.5744870659          9.0          
-26.3227461018          14.0          
-26.0710051302          14.0          
-25.8192641474          12.0          
-25.5675231572          13.0          
-25.3517451603          14.0          
-25.1000041533          4.0          
-24.8482631389          10.0          
-24.5965221152          8.0          
-24.3447810821          13.0          
-24.0930400416          13.0          
-23.8412989937          10.0          
-23.5895579346          8.0          
-23.3378168661          8.0          
-23.0860757902          16.0          
-22.834334705          13.0          
-22.5825936086          20.0          
-22.3308525067          20.0          
-22.0791113973          11.0          
-21.8273702767          14.0          
-21.5756291468          13.0          
-21.3238880094          16.0          
-21.0721468609          19.0          
-20.8204057068          11.0          
-20.5686645415          11.0          
-20.3528863937          17.0          
-20.1011452135          20.0          
-19.849404024          16.0          
-19.597662827          22.0          
-19.3459216189          16.0          
-19.0941804033          24.0          
-18.8424391802          22.0          
-18.590697946          19.0          
-18.3389567025          11.0          
-18.0872154515          22.0          
-17.8354741912          24.0          
-17.5837329235          11.0          
-17.3319916464          23.0          
-17.0802503601          18.0          
-16.8285090663          18.0          
-16.5767677613          19.0          
-16.3250264507          21.0          
-16.0732851271          16.0          
-15.8215437979          26.0          
-15.5698024575          23.0          
-15.3180611096          17.0          
-15.1022828054          31.0          
-14.8505414408          31.0          
-14.5988000687          36.0          
-14.3470586874          32.0          
-14.0953172967          38.0          
-13.8435758967          45.0          
-13.5918344893          60.0          
-13.3400930725          63.0          
-13.0883516464          67.0          
-12.8366102129          81.0          
-12.5848687701          60.0          
-12.333127318          70.0          
-12.0813858565          68.0          
-11.8296443876          86.0          
-11.5779029075          81.0          
-11.3261614218          76.0          
-11.0744199269          108.0          
-10.8226784207          94.0          
-10.5709369071          105.0          
-10.319195386          89.0          
-10.0674538538          70.0          
-9.8516753912          76.0          
-9.59993384406          64.0          
-9.34819228947          54.0          
-9.09645072371          74.0          
-8.84470914677          62.0          
-8.5929675661          58.0          
-8.34122597426          58.0          
-8.08948437497          67.0          
-7.8377427645          62.0          
-7.58600114658          51.0          
-7.33425952308          54.0          
-7.08251788467          61.0          
-6.83077624068          52.0          
-6.57903458737          47.0          
-6.32729292661          59.0          
-6.07555125654          46.0          
-5.82380957529          48.0          
-5.57206788845          53.0          
-5.32032619044          54.0          
-5.06858448498          42.0          
-4.85280587152          39.0          
-4.60106415115          44.0          
-4.34932241961          55.0          
-4.09758068062          76.0          
-3.84583893232          64.0          
-3.5940971747          54.0          
-3.34235540777          64.0          
-3.09061363526          86.0          
-2.83887185156          75.0          
-2.58713005856          88.0          
-2.33538825624          100.0          
-2.08364644647          118.0          
-1.83190462738          142.0          
-1.58016279899          195.0          
-1.32842096314          248.0          
-1.07667911798          341.0          
-0.824937263504          575.0          
-0.573195399716          1041.0          
-0.321453530341          1810.0          
-0.0697116497904          2238.0          
0.182030240074          2076.0          
0.397809009999          1574.0          
0.649550914764          959.0          
0.901292828843          439.0          
1.15303475037          222.0          
1.40477668308          154.0          
1.6565186251          107.0          
1.90826057456          85.0          
2.16000253335          67.0          
2.41174450144          80.0          
2.66348647512          72.0          
2.91522845998          58.0          
3.16697045416          45.0          
3.41871245578          59.0          
3.67045446485          49.0          
3.92219648696          65.0          
4.17393851653          63.0          
4.42568055354          44.0          
4.67742259987          51.0          
4.92916465364          56.0          
5.1809067186          52.0          
5.432648791          65.0          
5.64842771739          62.0          
5.90016980655          67.0          
6.15191190317          45.0          
6.4036540091          72.0          
6.65539612435          77.0          
6.90713825077          74.0          
7.15888038278          74.0          
7.41062252596          89.0          
7.66236467473          76.0          
7.91410683282          80.0          
8.16584900208          85.0          
8.41759118065          80.0          
8.66933336481          71.0          
8.92107556015          90.0          
9.17281776294          81.0          
9.42455997504          93.0          
9.67630219646          95.0          
9.92804442532          109.0          
10.1797866635          123.0          
10.431528911          119.0          
10.6473079864          130.0          
10.8990502506          133.0          
11.1507925224          137.0          
11.4025348052          140.0          
11.6542770937          102.0          
11.9060193934          96.0          
12.1577617005          100.0          
12.4095040169          118.0          
12.6612463426          100.0          
12.9129886758          117.0          
13.1647310182          115.0          
13.41647337          107.0          
13.6682157312          86.0          
13.9199581016          78.0          
14.1717004776          59.0          
14.4234428648          48.0          
14.6751852594          44.0          
14.9269276671          39.0          
15.1786700785          38.0          
15.4304125011          42.0          
15.6821549293          39.0          
15.8979341649          39.0          
16.1496766098          46.0          
16.4014190659          36.0          
16.6531615313          34.0          
16.9049040042          28.0          
17.1566464864          31.0          
17.408388976          23.0          
17.6601314768          28.0          
17.9118739869          28.0          
18.1636165027          21.0          
18.4153590295          20.0          
18.6671015639          35.0          
18.9188441075          35.0          
19.1705866605          25.0          
19.4223292209          37.0          
19.6740717907          25.0          
19.9258143697          33.0          
20.1775569599          29.0          
20.4292995557          22.0          
20.6810421608          26.0          
20.9327847734          30.0          
21.1485641655          35.0          
21.4003067948          46.0          
21.6520494334          35.0          
21.9037920814          28.0          
22.1555347405          46.0          
22.4072774071          34.0          
22.6590200793          43.0          
22.9107627627          43.0          
23.1625054553          28.0          
23.4142481554          34.0          
23.6659908649          20.0          
23.9177335836          31.0          
24.1694763117          12.0          
24.4212190472          21.0          
24.672961792          21.0          
24.9247045461          20.0          
25.1764473077          19.0          
25.4281900786          17.0          
25.6799328588          17.0          
25.9316756465          28.0          
26.1474551875          20.0          
26.3991979919          21.0          
26.6509408057          20.0          
26.9026836287          26.0          
27.1544264592          26.0          
27.4061693009          20.0          
27.65791215          22.0          
27.9096550066          16.0          
28.1613978744          18.0          
28.4131407496          16.0          
28.6648836341          24.0          
28.9166265279          19.0          
29.1683694292          12.0          
29.4201123398          17.0          
29.6718552597          18.0          
29.923598187          17.0          
30.1753411237          18.0          
30.4270840697          11.0          
30.678827025          21.0          
30.9305699877          13.0          
31.1823129598          10.0          
31.3980926573          16.0          
31.649835648          15.0          
31.9015786443          7.0          
32.1533216499          5.0          
32.4050646648          15.0          
32.6568076871          10.0          
32.9085507207          13.0          
33.1602937616          13.0          
33.4120368101          13.0          
33.6637798697          9.0          
33.9155229386          15.0          
34.167266015          7.0          
34.4190090988          8.0          
34.6707521938          7.0          
34.9224952962          6.0          
35.174238408          4.0          
35.4259815309          7.0          
35.6777246576          8.0          
35.9294677973          10.0          
36.1812109444          9.0          
36.4329540972          6.0          
36.6487339549          7.0          
36.9004771244          10.0          
37.1522203051          8.0          
37.403963495          2.0          
37.6557066925          7.0          
37.9074498992          5.0          
38.1591931172          10.0          
38.4109363426          3.0          
38.6626795735          6.0          
38.9144228175          6.0          
39.1661660671          7.0          
39.417909326          8.0          
39.6696525961          5.0          
39.9213958737          4.0          
40.1731391586          7.0          
40.4248824548          7.0          
40.6766257584          6.0          
40.9283690713          8.0          
41.1801123936          6.0          
41.4318557233          7.0          
41.6476357281          6.0          
41.8993790746          1.0          
42.1511224303          9.0          
42.4028657936          7.0          
42.6546091661          8.0          
42.9063525498          11.0          
43.1580959391          9.0          
43.4098393377          4.0          
43.6615827456          10.0          
43.9133261628          6.0          
44.1650695875          2.0          
44.4168130234          3.0          
44.6685564667          3.0          
44.9202999193          4.0          
45.1720433794          4.0          
45.4237868506          4.0          
45.6755303275          4.0          
45.9272738136          6.0          
46.179017311          8.0          
46.4307608157          2.0          
46.682504328          2.0          
46.8982844912          4.0          
47.1500280201          3.0          
47.4017715584          3.0          
47.6535151079          4.0          
47.905258663          2.0          
48.1570022292          8.0          
48.4087458029          3.0          
48.6604893859          2.0          
48.9122329783          0.0          
49.163976578          2.0          
49.4157201871          2.0          
49.6674638055          0.0          
49.9192074314          2.0          
50.1709510665          1.0          
50.422694711          2.0          
50.6744383629          1.0          
50.926182026          3.0          
51.1779256966          2.0          
51.4296693765          3.0          
51.6814130638          2.0          
51.8971933778          2.0          
52.1489370801          3.0          
52.4006807934          0.0          
52.652424518          4.0          
52.9041682463          0.0          
53.1559119876          2.0          
53.4076557346          3.0          
53.6593994908          0.0          
53.9111432582          3.0          
54.1628870349          1.0          
54.4146308172          1.0          
54.6663746107          2.0          
54.9181184117          0.0          
55.1698622201          0.0          
55.4216060396          3.0          
55.6733498666          1.0          
55.925093703          1.0          
56.1768375505          2.0          
56.4285814054          1.0          
56.6803252678          0.0          
56.9320691396          1.0          
57.1478496064          1.0          
57.3995934948          0.0          
57.6513373926          1.0          
57.9030812979          0.0          
58.1548252143          0.0          
58.4065691382          0.0          
58.6583130676          3.0          
58.9100570101          2.0          
59.1618009582          1.0          
59.4135449175          0.0          
59.6652888823          1.0          
59.9170328602          2.0          
60.1687768437          0.0          
60.4205208384          1.0          
60.6722648405          2.0          
60.9240088519          3.0          
61.1757528707          1.0          
61.4274968989          0.0          
61.6792409364          2.0          
61.9309849832          2.0          
62.1827290375          0.0          
62.3985096645          1.0          
62.6502537355          2.0          
62.9019978158          0.0          
63.1537419036          1.0          
63.4054860026          0.0          
63.6572301108          0.0          
63.9089742247          1.0          
64.1607183497          1.0          
64.4124624822          0.0          
64.664206624          0.0          
64.9159507751          1.0          
65.1676949356          1.0          
65.4194391035          0.0          
65.6711832788          1.0          
65.9229274653          1.0          
66.1746716592          3.0          
66.4264158644          0.0          
66.6781600751          0.0          
66.929904297          2.0          
67.1816485282          1.0          
67.3974293005          0.0          
67.6491735466          0.0          
67.900917802          1.0          
68.1526620667          0.0          
68.4044063389          0.0          
68.6561506204          0.0          
68.9078949112          0.0          
69.1596392095          0.0          
69.4113835171          2.0          
69.6631278321          1.0          
69.9148721565          0.0          
70.1666164938          0.0          
70.4183608349          1.0          
70.6701051872          0.0          
70.921849547          0.0          
71.1735939179          0.0          
71.4253382944          1.0          
71.677082682          2.0          
71.928827079          1.0          
72.1805714816          2.0          
72.4323158953          0.0          
72.6480968278          1.0          
72.8998412583          1.0          
73.1515856944          1.0          
73.4033301417          1.0          
73.6550745983          1.0          
73.9068190623          0.0          
74.2736166883          0.0          
74.5253610853          3.0          
74.7771054879          0.0          
75.0288499016          0.0          
75.2446308341          0.0          
75.4963752646          1.0          
75.7481197007          1.0          
75.999864148          1.0          
76.2516086046          0.0          
76.5033530686          0.0          
76.6580796391          0.0          
76.9098245408          0.0          
77.1615694482          0.0          
77.4133143667          0.0          
77.6650592927          1.0          
77.916804228          0.0          
78.1685491707          0.0          
78.4202941246          0.0          
78.636075519          1.0          
78.8878204897          0.0          
79.1395654678          1.0          
79.3913104534          0.0          
79.6430554502          0.0          
79.8948004544          0.0          
