#Files Included:
#scan_0008.mda
#scan_0010.mda
#Energy= Column: 1
#Signal= Column: 2
-86.0929965563          0.0          
-85.8412576728          0.0          
-85.589518778          0.0          
-85.3377798758          0.0          
-85.0860409662          0.0          
-84.8343020473          0.0          
-84.582563119          0.0          
-84.3308241814          0.0          
-84.0790852346          0.0          
-83.8273462821          0.0          
-83.5756073184          0.0          
-83.3238683473          0.0          
-83.0721293651          0.0          
-82.8203903753          0.0          
-82.5686513782          0.0          
-82.3528750855          0.0          
-82.1011360716          0.0          
-81.8493970484          0.0          
-81.5976580139          0.0          
-81.3459189739          0.0          
-81.0941799227          0.0          
-80.8424408659          0.0          
-80.590701798          0.0          
-80.3389627226          0.0          
-80.0872236378          0.0          
-79.8354845438          0.0          
-79.5837454423          0.0          
-79.3320063297          2.0          
-79.0802672077          2.0          
-78.8285280801          0.0          
-78.5767889414          3.0          
-78.3250497952          0.0          
-78.0733106397          1.0          
-77.8215714749          1.0          
-77.5698323008          1.0          
-77.3180931192          0.0          
-77.1023166701          1.0          
-76.8505774718          0.0          
-76.598838266          1.0          
-76.3470990509          0.0          
-76.0953598265          2.0          
-75.8436205927          1.0          
-75.5918813515          0.0          
-75.340142101          0.0          
-75.0884028412          0.0          
-74.8366635703          0.0          
-74.5849242937          0.0          
-74.3331850078          0.0          
-74.0814457126          1.0          
-73.8297064099          1.0          
-73.577967098          0.0          
-73.3262277767          1.0          
-73.074488448          1.0          
-72.8227491081          0.0          
-72.5710097589          0.0          
-72.3192704022          1.0          
-72.0675310381          0.0          
-71.8517544325          0.0          
-71.6000150498          0.0          
-71.3482756596          0.0          
-71.096536262          0.0          
-70.8447968531          0.0          
-70.5930574369          0.0          
-70.3413180094          0.0          
-70.0895785764          1.0          
-69.8378391322          1.0          
-69.5860996805          0.0          
-69.3343602195          0.0          
-69.0826207511          0.0          
-68.8308812734          1.0          
-68.5791417845          1.0          
-68.3274022881          1.0          
-68.0756627843          0.0          
-67.8239232693          0.0          
-67.5721837487          0.0          
-67.320444217          1.0          
-67.0687046777          1.0          
-66.8529279213          0.0          
-66.6011883654          0.0          
-66.3494488019          0.0          
-66.0977092274          0.0          
-65.8459696453          0.0          
-65.5942300539          0.0          
-65.3424904533          0.0          
-65.0907508433          0.0          
-64.8390112258          1.0          
-64.5872715991          1.0          
-64.3355319649          0.0          
-64.0837923195          0.0          
-63.8320526648          1.0          
-63.5803130046          1.0          
-63.3285733331          1.0          
-63.0768336542          0.0          
-62.8250939678          0.0          
-62.5733542703          0.0          
-62.3216145653          0.0          
-62.0698748492          1.0          
-61.8181351256          0.0          
-61.6023582146          0.0          
-61.3506184723          0.0          
-61.0988787264          0.0          
-60.8471389674          0.0          
-60.5953992028          1.0          
-60.343659427          0.0          
-60.0919196438          0.0          
-59.8401798531          0.0          
-59.5884400513          0.0          
-59.3367002402          0.0          
-59.0849604215          0.0          
-58.8332205936          2.0          
-58.5814807564          0.0          
-58.3297409117          1.0          
-58.0780010577          1.0          
-57.8262611963          0.0          
-57.5745213255          0.0          
-57.3227814455          1.0          
-57.0710415542          1.0          
-56.8193016555          0.0          
-56.5675617512          0.0          
-56.35178468          0.0          
-56.1000447571          0.0          
-55.8483048249          1.0          
-55.5965648852          2.0          
-55.3448249362          1.0          
-55.0930849761          0.0          
-54.8413450103          1.0          
-54.5896050334          1.0          
-54.337865049          0.0          
-54.0861250553          0.0          
-53.8343850542          0.0          
-53.5826450437          0.0          
-53.3309050221          0.0          
-53.0791649949          0.0          
-52.8274249583          2.0          
-52.5756849125          0.0          
-52.3239448555          2.0          
-52.072204791          2.0          
-51.8204647191          0.0          
-51.5687246397          0.0          
-51.3169845492          1.0          
-51.1012073215          0.0          
-50.8494672142          0.0          
-50.5977270994          0.0          
-50.3459869754          1.0          
-50.094246842          1.0          
-49.8425067011          0.0          
-49.590766551          1.0          
-49.3390263915          1.0          
-49.0872862227          0.0          
-48.8355460446          2.0          
-48.583805861          0.0          
-48.3320656661          3.0          
-48.0803254619          0.0          
-47.8285852503          1.0          
-47.5768450294          0.0          
-47.3251047991          1.0          
-47.0733645614          0.0          
-46.8216243163          2.0          
-46.5698840581          1.0          
-46.3181437943          0.0          
-46.1023664176          3.0          
-45.8506261352          0.0          
-45.5988858473          1.0          
-45.3471455481          1.0          
-45.0954052377          0.0          
-44.8436649237          1.0          
-44.5919245984          1.0          
-44.3401842657          2.0          
-44.0884439219          0.0          
-43.8367035706          3.0          
-43.5849632118          1.0          
-43.3332228418          0.0          
-43.0814824626          0.0          
-42.8297420759          0.0          
-42.5780016817          1.0          
-42.3262612782          1.0          
-42.0745208636          1.0          
-41.8227804434          1.0          
-41.5710400101          3.0          
-41.3192995731          4.0          
-41.067559123          0.0          
-40.851781588          3.0          
-40.6000411231          1.0          
-40.3483006526          1.0          
-40.096560169          2.0          
-39.8448196799          0.0          
-39.5930791795          1.0          
-39.3413386717          0.0          
-39.0895981546          1.0          
-38.8378576282          0.0          
-38.5861170925          2.0          
-38.3343765493          1.0          
-38.0826359969          0.0          
-37.8308954351          2.0          
-37.579154864          1.0          
-37.3274142854          1.0          
-37.0756736975          2.0          
-36.8239331041          0.0          
-36.5721924994          0.0          
-36.3204518817          0.0          
-36.0687112603          3.0          
-35.8529335782          0.0          
-35.6011929363          2.0          
-35.3494522888          2.0          
-35.097711632          0.0          
-34.8459709659          1.0          
-34.5942302924          4.0          
-34.3424896095          3.0          
-34.0907489173          1.0          
-33.8390082177          2.0          
-33.5872675069          1.0          
-33.3355267886          2.0          
-33.083786061          2.0          
-32.8320453279          1.0          
-32.5803045817          3.0          
-32.328563828          0.0          
-32.0768230651          2.0          
-31.8250822928          5.0          
-31.5733415131          5.0          
-31.3216007259          4.0          
-31.0698599294          9.0          
-30.8181191217          6.0          
-30.6023412813          2.0          
-30.3506004587          3.0          
-30.0988596287          4.0          
-29.8471187875          4.0          
-29.5953779388          1.0          
-29.3436370827          4.0          
-29.0918962136          1.0          
-28.8401553389          2.0          
-28.5884144548          4.0          
-28.3366735615          8.0          
-28.0849326588          2.0          
-27.8331917468          3.0          
-27.5814508293          8.0          
-27.3297099005          3.0          
-27.0779689644          2.0          
-26.8262280189          4.0          
-26.5744870659          8.0          
-26.3227461018          5.0          
-26.0710051302          9.0          
-25.8192641474          6.0          
-25.5675231572          3.0          
-25.3517451603          3.0          
-25.1000041533          6.0          
-24.8482631389          6.0          
-24.5965221152          11.0          
-24.3447810821          5.0          
-24.0930400416          12.0          
-23.8412989937          7.0          
-23.5895579346          4.0          
-23.3378168661          5.0          
-23.0860757902          13.0          
-22.834334705          9.0          
-22.5825936086          8.0          
-22.3308525067          12.0          
-22.0791113973          11.0          
-21.8273702767          7.0          
-21.5756291468          7.0          
-21.3238880094          7.0          
-21.0721468609          8.0          
-20.8204057068          6.0          
-20.5686645415          7.0          
-20.3528863937          4.0          
-20.1011452135          12.0          
-19.849404024          3.0          
-19.597662827          16.0          
-19.3459216189          14.0          
-19.0941804033          16.0          
-18.8424391802          14.0          
-18.590697946          8.0          
-18.3389567025          7.0          
-18.0872154515          10.0          
-17.8354741912          12.0          
-17.5837329235          6.0          
-17.3319916464          14.0          
-17.0802503601          12.0          
-16.8285090663          11.0          
-16.5767677613          15.0          
-16.3250264507          13.0          
-16.0732851271          9.0          
-15.8215437979          19.0          
-15.5698024575          12.0          
-15.3180611096          7.0          
-15.1022828054          23.0          
-14.8505414408          14.0          
-14.5988000687          21.0          
-14.3470586874          22.0          
-14.0953172967          28.0          
-13.8435758967          26.0          
-13.5918344893          37.0          
-13.3400930725          33.0          
-13.0883516464          47.0          
-12.8366102129          50.0          
-12.5848687701          47.0          
-12.333127318          46.0          
-12.0813858565          42.0          
-11.8296443876          48.0          
-11.5779029075          55.0          
-11.3261614218          39.0          
-11.0744199269          65.0          
-10.8226784207          50.0          
-10.5709369071          74.0          
-10.319195386          65.0          
-10.0674538538          50.0          
-9.8516753912          59.0          
-9.59993384406          40.0          
-9.34819228947          40.0          
-9.09645072371          39.0          
-8.84470914677          37.0          
-8.5929675661          55.0          
-8.34122597426          39.0          
-8.08948437497          31.0          
-7.8377427645          47.0          
-7.58600114658          31.0          
-7.33425952308          48.0          
-7.08251788467          43.0          
-6.83077624068          40.0          
-6.57903458737          30.0          
-6.32729292661          33.0          
-6.07555125654          29.0          
-5.82380957529          37.0          
-5.57206788845          26.0          
-5.32032619044          39.0          
-5.06858448498          27.0          
-4.85280587152          26.0          
-4.60106415115          24.0          
-4.34932241961          38.0          
-4.09758068062          43.0          
-3.84583893232          39.0          
-3.5940971747          27.0          
-3.34235540777          48.0          
-3.09061363526          38.0          
-2.83887185156          55.0          
-2.58713005856          70.0          
-2.33538825624          63.0          
-2.08364644647          75.0          
-1.83190462738          93.0          
-1.58016279899          123.0          
-1.32842096314          142.0          
-1.07667911798          225.0          
-0.824937263504          354.0          
-0.573195399716          606.0          
-0.321453530341          1008.0          
-0.0697116497904          1341.0          
0.182030240074          1321.0          
0.397809009999          1118.0          
0.649550914764          744.0          
0.901292828843          358.0          
1.15303475037          192.0          
1.40477668308          94.0          
1.6565186251          79.0          
1.90826057456          56.0          
2.16000253335          34.0          
2.41174450144          49.0          
2.66348647512          41.0          
2.91522845998          38.0          
3.16697045416          36.0          
3.41871245578          41.0          
3.67045446485          33.0          
3.92219648696          35.0          
4.17393851653          32.0          
4.42568055354          33.0          
4.67742259987          37.0          
4.92916465364          32.0          
5.1809067186          30.0          
5.432648791          36.0          
5.64842771739          37.0          
5.90016980655          44.0          
6.15191190317          31.0          
6.4036540091          46.0          
6.65539612435          50.0          
6.90713825077          46.0          
7.15888038278          43.0          
7.41062252596          51.0          
7.66236467473          52.0          
7.91410683282          47.0          
8.16584900208          62.0          
8.41759118065          52.0          
8.66933336481          52.0          
8.92107556015          56.0          
9.17281776294          64.0          
9.42455997504          50.0          
9.67630219646          60.0          
9.92804442532          59.0          
10.1797866635          65.0          
10.431528911          88.0          
10.6473079864          84.0          
10.8990502506          95.0          
11.1507925224          112.0          
11.4025348052          86.0          
11.6542770937          88.0          
11.9060193934          65.0          
12.1577617005          97.0          
12.4095040169          77.0          
12.6612463426          64.0          
12.9129886758          79.0          
13.1647310182          79.0          
13.41647337          70.0          
13.6682157312          56.0          
13.9199581016          62.0          
14.1717004776          44.0          
14.4234428648          40.0          
14.6751852594          19.0          
14.9269276671          24.0          
15.1786700785          26.0          
15.4304125011          26.0          
15.6821549293          24.0          
15.8979341649          24.0          
16.1496766098          28.0          
16.4014190659          18.0          
16.6531615313          17.0          
16.9049040042          13.0          
17.1566464864          21.0          
17.408388976          21.0          
17.6601314768          20.0          
17.9118739869          20.0          
18.1636165027          17.0          
18.4153590295          19.0          
18.6671015639          17.0          
18.9188441075          11.0          
19.1705866605          25.0          
19.4223292209          17.0          
19.6740717907          19.0          
19.9258143697          18.0          
20.1775569599          22.0          
20.4292995557          16.0          
20.6810421608          20.0          
20.9327847734          13.0          
21.1485641655          22.0          
21.4003067948          16.0          
21.6520494334          18.0          
21.9037920814          16.0          
22.1555347405          30.0          
22.4072774071          27.0          
22.6590200793          15.0          
22.9107627627          26.0          
23.1625054553          20.0          
23.4142481554          17.0          
23.6659908649          18.0          
23.9177335836          10.0          
24.1694763117          11.0          
24.4212190472          15.0          
24.672961792          11.0          
24.9247045461          17.0          
25.1764473077          11.0          
25.4281900786          12.0          
25.6799328588          14.0          
25.9316756465          15.0          
26.1474551875          12.0          
26.3991979919          15.0          
26.6509408057          10.0          
26.9026836287          14.0          
27.1544264592          15.0          
27.4061693009          15.0          
27.65791215          20.0          
27.9096550066          13.0          
28.1613978744          17.0          
28.4131407496          10.0          
28.6648836341          21.0          
28.9166265279          10.0          
29.1683694292          11.0          
29.4201123398          14.0          
29.6718552597          13.0          
29.923598187          12.0          
30.1753411237          9.0          
30.4270840697          10.0          
30.678827025          12.0          
30.9305699877          9.0          
31.1823129598          8.0          
31.3980926573          9.0          
31.649835648          14.0          
31.9015786443          4.0          
32.1533216499          5.0          
32.4050646648          7.0          
32.6568076871          9.0          
32.9085507207          8.0          
33.1602937616          11.0          
33.4120368101          6.0          
33.6637798697          7.0          
33.9155229386          9.0          
34.167266015          7.0          
34.4190090988          7.0          
34.6707521938          2.0          
34.9224952962          3.0          
35.174238408          4.0          
35.4259815309          4.0          
35.6777246576          6.0          
35.9294677973          6.0          
36.1812109444          7.0          
36.4329540972          5.0          
36.6487339549          3.0          
36.9004771244          2.0          
37.1522203051          3.0          
37.403963495          4.0          
37.6557066925          5.0          
37.9074498992          3.0          
38.1591931172          8.0          
38.4109363426          2.0          
38.6626795735          3.0          
38.9144228175          4.0          
39.1661660671          6.0          
39.417909326          4.0          
39.6696525961          0.0          
39.9213958737          4.0          
40.1731391586          7.0          
40.4248824548          2.0          
40.6766257584          4.0          
40.9283690713          5.0          
41.1801123936          2.0          
41.4318557233          4.0          
41.6476357281          4.0          
41.8993790746          1.0          
42.1511224303          2.0          
42.4028657936          6.0          
42.6546091661          8.0          
42.9063525498          4.0          
43.1580959391          6.0          
43.4098393377          3.0          
43.6615827456          3.0          
43.9133261628          4.0          
44.1650695875          4.0          
44.4168130234          0.0          
44.6685564667          6.0          
44.9202999193          3.0          
45.1720433794          4.0          
45.4237868506          1.0          
45.6755303275          3.0          
45.9272738136          2.0          
46.179017311          8.0          
46.4307608157          2.0          
46.682504328          0.0          
46.8982844912          2.0          
47.1500280201          0.0          
47.4017715584          1.0          
47.6535151079          2.0          
47.905258663          2.0          
48.1570022292          2.0          
48.4087458029          1.0          
48.6604893859          5.0          
48.9122329783          3.0          
49.163976578          4.0          
49.4157201871          4.0          
49.6674638055          2.0          
49.9192074314          3.0          
50.1709510665          3.0          
50.422694711          1.0          
50.6744383629          1.0          
50.926182026          3.0          
51.1779256966          0.0          
51.4296693765          2.0          
51.6814130638          0.0          
51.8971933778          1.0          
52.1489370801          0.0          
52.4006807934          0.0          
52.652424518          3.0          
52.9041682463          0.0          
53.1559119876          1.0          
53.4076557346          1.0          
53.6593994908          0.0          
53.9111432582          2.0          
54.1628870349          1.0          
54.4146308172          0.0          
54.6663746107          0.0          
54.9181184117          0.0          
55.1698622201          0.0          
55.4216060396          2.0          
55.6733498666          0.0          
55.925093703          1.0          
56.1768375505          0.0          
56.4285814054          0.0          
56.6803252678          1.0          
56.9320691396          0.0          
57.1478496064          0.0          
57.3995934948          1.0          
57.6513373926          1.0          
57.9030812979          0.0          
58.1548252143          1.0          
58.4065691382          0.0          
58.6583130676          0.0          
58.9100570101          1.0          
59.1618009582          0.0          
59.4135449175          0.0          
59.6652888823          1.0          
59.9170328602          1.0          
60.1687768437          2.0          
60.4205208384          0.0          
60.6722648405          0.0          
60.9240088519          1.0          
61.1757528707          1.0          
61.4274968989          0.0          
61.6792409364          1.0          
61.9309849832          0.0          
62.1827290375          0.0          
62.3985096645          1.0          
62.6502537355          1.0          
62.9019978158          0.0          
63.1537419036          1.0          
63.4054860026          0.0          
63.6572301108          0.0          
63.9089742247          0.0          
64.1607183497          1.0          
64.4124624822          0.0          
64.664206624          0.0          
64.9159507751          0.0          
65.1676949356          1.0          
65.4194391035          0.0          
65.6711832788          0.0          
65.9229274653          2.0          
66.1746716592          0.0          
66.4264158644          1.0          
66.6781600751          0.0          
66.929904297          1.0          
67.1816485282          0.0          
67.3974293005          0.0          
67.6491735466          0.0          
67.900917802          0.0          
68.1526620667          0.0          
68.4044063389          0.0          
68.6561506204          0.0          
68.9078949112          0.0          
69.1596392095          1.0          
69.4113835171          1.0          
69.6631278321          1.0          
69.9148721565          0.0          
70.1666164938          0.0          
70.4183608349          2.0          
70.6701051872          0.0          
70.921849547          0.0          
71.1735939179          1.0          
71.4253382944          0.0          
71.677082682          1.0          
71.928827079          1.0          
72.1805714816          1.0          
72.4323158953          0.0          
72.6480968278          2.0          
72.8998412583          0.0          
73.1515856944          0.0          
73.4033301417          0.0          
73.6550745983          1.0          
73.9068190623          0.0          
74.1239716746          0.0          
74.3757159729          1.0          
74.6274602804          0.0          
74.8792045955          0.0          
75.1309489198          3.0          
75.3826932572          0.0          
75.6344375983          0.0          
75.8861819506          0.0          
76.1379263103          0.0          
76.3896706812          2.0          
76.6414150577          0.0          
76.8931594454          0.0          
77.1449038424          0.0          
77.3966482449          2.0          
77.6483926587          1.0          
77.8641735911          0.0          
78.1159180216          0.0          
78.3676624577          1.0          
78.619406905          0.0          
78.8711513616          0.0          
79.1228958257          0.0          
