#Files Included:
#scan_0037.mda
#scan_0039.mda
#scan_0318.mda
#Energy= Column: 1
#Signal= Column: 2
-160.553490585          0.0          
-160.553490585          0.0          
-160.030503428          0.0          
-160.030503428          0.0          
-159.507516233          0.0          
-159.507516233          0.0          
-158.984528998          0.0          
-158.984528998          0.0          
-158.461541725          0.0          
-158.461541725          0.0          
-157.93855441          0.0          
-157.93855441          0.0          
-157.415567055          0.0          
-157.415567055          0.0          
-156.89257966          0.0          
-156.89257966          0.0          
-156.369592221          0.0          
-156.369592221          0.0          
-156.369592221          0.0          
-155.846604746          0.0          
-155.846604746          0.0          
-155.323617233          1.0          
-155.323617233          0.0          
-154.800629677          0.0          
-154.800629677          0.0          
-154.277642082          0.0          
-154.277642082          0.0          
-153.754654443          0.0          
-153.754654443          0.0          
-153.23166677          0.0          
-153.23166677          0.0          
-152.708679054          0.0          
-152.708679054          0.0          
-152.185691299          0.0          
-152.185691299          0.0          
-151.662703501          0.0          
-151.662703501          1.0          
-151.139715666          0.0          
-151.139715666          0.0          
-150.616727788          0.0          
-150.616727788          0.0          
-150.616727788          1.0          
-150.093739873          1.0          
-150.093739873          0.0          
-149.570751917          0.0          
-149.570751917          0.0          
-149.047763923          0.0          
-149.047763923          0.0          
-148.524775887          0.0          
-148.524775887          0.0          
-148.001787808          0.0          
-148.001787808          0.0          
-147.478799693          0.0          
-147.478799693          0.0          
-146.955811536          0.0          
-146.955811536          0.0          
-146.432823338          0.0          
-146.432823338          1.0          
-145.909835106          0.0          
-145.909835106          0.0          
-145.386846827          0.0          
-145.386846827          0.0          
-144.86385851          0.0          
-144.86385851          0.0          
-144.86385851          0.0          
-144.340870155          0.0          
-144.340870155          0.0          
-143.817881754          0.0          
-143.817881754          0.0          
-143.294893319          0.0          
-143.294893319          0.0          
-142.771904843          0.0          
-142.771904843          1.0          
-142.248916324          0.0          
-142.248916324          1.0          
-141.725927766          1.0          
-141.725927766          0.0          
-141.202939171          0.0          
-141.202939171          0.0          
-140.679950528          0.0          
-140.679950528          0.0          
-140.156961853          0.0          
-140.156961853          0.0          
-139.633973138          0.0          
-139.633973138          0.0          
-139.110984378          1.0          
-139.110984378          0.0          
-139.110984378          0.0          
-138.587995583          0.0          
-138.587995583          0.0          
-138.065006742          0.0          
-138.065006742          0.0          
-137.542017866          0.0          
-137.542017866          0.0          
-137.019028947          0.0          
-137.019028947          0.0          
-136.49603999          0.0          
-136.49603999          0.0          
-135.973050993          0.0          
-135.973050993          0.0          
-135.450061955          0.0          
-135.450061955          0.0          
-134.927072875          0.0          
-134.927072875          0.0          
-134.404083759          0.0          
-134.404083759          0.0          
-133.881094597          0.0          
-133.881094597          0.0          
-133.358105401          1.0          
-133.358105401          0.0          
-133.358105401          0.0          
-132.835116163          0.0          
-132.835116163          0.0          
-132.312126882          0.0          
-132.312126882          0.0          
-131.789137566          1.0          
-131.789137566          0.0          
-131.266148206          0.0          
-131.266148206          0.0          
-130.743158804          0.0          
-130.743158804          0.0          
-130.220169367          0.0          
-130.220169367          0.0          
-129.697179889          0.0          
-129.697179889          0.0          
-129.174190369          1.0          
-129.174190369          0.0          
-128.651200809          0.0          
-128.651200809          0.0          
-128.128211211          0.0          
-128.128211211          0.0          
-127.60522157          0.0          
-127.60522157          1.0          
-127.60522157          0.0          
-127.082231894          1.0          
-127.082231894          0.0          
-126.559242174          1.0          
-126.559242174          0.0          
-126.036252415          1.0          
-126.036252415          0.0          
-125.513262615          0.0          
-125.513262615          0.0          
-124.990272772          0.0          
-124.990272772          0.0          
-124.467282893          0.0          
-124.467282893          0.0          
-123.944292977          0.0          
-123.944292977          0.0          
-123.421303017          0.0          
-123.421303017          0.0          
-122.898313016          0.0          
-122.898313016          0.0          
-122.375322975          0.0          
-122.375322975          0.0          
-121.852332894          1.0          
-121.852332894          0.0          
-121.852332894          0.0          
-121.329342775          0.0          
-121.329342775          0.0          
-120.806352617          0.0          
-120.806352617          0.0          
-120.283362415          0.0          
-120.283362415          0.0          
-119.760372175          0.0          
-119.760372175          0.0          
-119.237381892          0.0          
-119.237381892          0.0          
-118.714391571          0.0          
-118.714391571          0.0          
-118.191401212          0.0          
-118.191401212          0.0          
-117.668410815          0.0          
-117.668410815          0.0          
-117.145420372          0.0          
-117.145420372          1.0          
-116.622429891          0.0          
-116.622429891          0.0          
-116.099439371          0.0          
-116.099439371          0.0          
-116.099439371          0.0          
-115.576448809          0.0          
-115.576448809          0.0          
-115.053458206          0.0          
-115.053458206          0.0          
-114.530467566          0.0          
-114.530467566          0.0          
-114.007476883          0.0          
-114.007476883          0.0          
-113.484486165          0.0          
-113.484486165          0.0          
-112.961495403          0.0          
-112.961495403          0.0          
-112.438504601          0.0          
-112.438504601          0.0          
-111.915513759          0.0          
-111.915513759          0.0          
-111.392522881          1.0          
-111.392522881          0.0          
-110.869531959          0.0          
-110.869531959          1.0          
-110.869531959          0.0          
-110.346540997          1.0          
-110.346540997          0.0          
-109.823549991          2.0          
-109.823549991          0.0          
-109.300558951          0.0          
-109.300558951          0.0          
-108.777567869          0.0          
-108.777567869          0.0          
-108.25457675          0.0          
-108.25457675          0.0          
-107.731585585          0.0          
-107.731585585          1.0          
-107.208594384          1.0          
-107.208594384          1.0          
-106.685603144          0.0          
-106.685603144          0.0          
-106.162611861          0.0          
-106.162611861          0.0          
-105.639620537          0.0          
-105.639620537          0.0          
-105.116629178          0.0          
-105.116629178          0.0          
-105.116629178          0.0          
-104.593637772          0.0          
-104.593637772          0.0          
-104.070646331          0.0          
-104.070646331          0.0          
-103.547654847          0.0          
-103.547654847          1.0          
-103.024663324          0.0          
-103.024663324          1.0          
-102.501671759          1.0          
-102.501671759          1.0          
-101.97868016          0.0          
-101.97868016          0.0          
-101.455688518          0.0          
-101.455688518          0.0          
-100.932696834          0.0          
-100.932696834          0.0          
-100.40970511          0.0          
-100.40970511          0.0          
-99.8867133427          0.0          
-99.8867133427          0.0          
-99.3637215383          0.0          
-99.3637215383          1.0          
-99.3637215383          0.0          
-98.8407297004          0.0          
-98.8407297004          0.0          
-98.3177378178          0.0          
-98.3177378178          1.0          
-97.7947458923          0.0          
-97.7947458923          0.0          
-97.2717539296          0.0          
-97.2717539296          0.0          
-96.7487619258          0.0          
-96.7487619258          0.0          
-96.225769883          0.0          
-96.225769883          0.0          
-95.7027778029          0.0          
-95.7027778029          1.0          
-95.1797856744          0.0          
-95.1797856744          0.0          
-94.6567935087          1.0          
-94.6567935087          0.0          
-94.1338013057          0.0          
-94.1338013057          0.0          
-93.6108090617          0.0          
-93.6108090617          0.0          
-93.6108090617          0.0          
-93.0878167804          0.0          
-93.0878167804          0.0          
-92.5648244545          0.0          
-92.5648244545          0.0          
-92.0418320913          0.0          
-92.0418320913          1.0          
-91.5188396871          0.0          
-91.5188396871          1.0          
-90.9958472438          0.0          
-90.9958472438          0.0          
-90.4728547577          0.0          
-90.4728547577          0.0          
-89.9498622324          0.0          
-89.9498622324          0.0          
-89.4268696737          1.0          
-89.4268696737          0.0          
-88.9038770627          0.0          
-88.9038770627          0.0          
-88.3808844183          0.0          
-88.3808844183          0.0          
-87.8578917328          0.0          
-87.8578917328          0.0          
-87.8578917328          0.0          
-87.3348990064          0.0          
-87.3348990064          0.0          
-86.8119062409          0.0          
-86.8119062409          0.0          
-86.2889134418          0.0          
-86.2889134418          0.0          
-85.7659205943          0.0          
-85.7659205943          0.0          
-85.2429277096          0.0          
-85.2429277096          0.0          
-84.7199347839          0.0          
-84.7199347839          0.0          
-84.1969418153          0.0          
-84.1969418153          0.0          
-83.6739488095          0.0          
-83.6739488095          0.0          
-83.1509557683          0.0          
-83.1509557683          1.0          
-82.6279626805          0.0          
-82.6279626805          0.0          
-82.1049695555          0.0          
-82.1049695555          0.0          
-82.1049695555          1.0          
-81.5819763914          0.0          
-81.5819763914          0.0          
-81.0589831844          0.0          
-81.0589831844          0.0          
-80.5359899383          1.0          
-80.5359899383          0.0          
-80.012996655          0.0          
-80.012996655          0.0          
-79.4900033269          0.0          
-79.4900033269          0.0          
-78.9670099597          0.0          
-78.9670099597          0.0          
-78.4440165535          0.0          
-78.4440165535          1.0          
-77.9210231081          1.0          
-77.9210231081          0.0          
-77.3980296217          0.0          
-77.3980296217          0.0          
-76.8750360962          0.0          
-76.8750360962          0.0          
-76.3520425297          2.0          
-76.3520425297          1.0          
-76.3520425297          0.0          
-75.8290489223          0.0          
-75.8290489223          0.0          
-75.3060552739          0.0          
-75.3060552739          0.0          
-74.7830615882          0.0          
-74.7830615882          0.0          
-74.2600678578          0.0          
-74.2600678578          0.0          
-73.7370740958          0.0          
-73.7370740958          1.0          
-73.2140802871          0.0          
-73.2140802871          0.0          
-72.6910864413          0.0          
-72.6910864413          2.0          
-72.1680925544          0.0          
-72.1680925544          0.0          
-71.6450986285          1.0          
-71.6450986285          0.0          
-71.1221046615          1.0          
-71.1221046615          0.0          
-70.5991106555          1.0          
-70.5991106555          1.0          
-70.5991106555          1.0          
-70.0761166066          0.0          
-70.0761166066          0.0          
-69.5531225186          2.0          
-69.5531225186          1.0          
-69.0301283915          1.0          
-69.0301283915          0.0          
-68.5071342215          1.0          
-68.5071342215          2.0          
-67.9841400161          1.0          
-67.9841400161          0.0          
-67.4611457679          2.0          
-67.4611457679          3.0          
-66.9381514825          0.0          
-66.9381514825          1.0          
-66.4151571523          1.0          
-66.4151571523          0.0          
-65.8921627849          1.0          
-65.8921627849          1.0          
-65.3691683766          0.0          
-65.3691683766          2.0          
-65.3691683766          0.0          
-64.8461739272          2.0          
-64.8461739272          1.0          
-64.3231794424          3.0          
-64.3231794424          4.0          
-63.8001849111          3.0          
-63.8001849111          0.0          
-63.2771903425          1.0          
-63.2771903425          5.0          
-62.7541957349          2.0          
-62.7541957349          2.0          
-62.2312010862          0.0          
-62.2312010862          1.0          
-61.7082063984          2.0          
-61.7082063984          1.0          
-61.1852116715          0.0          
-61.1852116715          3.0          
-60.6622169018          0.0          
-60.6622169018          3.0          
-60.1392220929          1.0          
-60.1392220929          1.0          
-59.6162272431          4.0          
-59.6162272431          2.0          
-59.6162272431          1.0          
-59.093232356          6.0          
-59.093232356          0.0          
-58.5702374224          2.0          
-58.5702374224          3.0          
-58.047242457          1.0          
-58.047242457          5.0          
-57.5242474489          2.0          
-57.5242474489          2.0          
-57.0012523979          0.0          
-57.0012523979          1.0          
-56.4782573078          0.0          
-56.4782573078          3.0          
-55.9552621804          0.0          
-55.9552621804          5.0          
-55.4322670121          1.0          
-55.4322670121          3.0          
-54.9092718028          4.0          
-54.9092718028          1.0          
-54.3862765525          1.0          
-54.3862765525          2.0          
-53.863281263          2.0          
-53.863281263          1.0          
-53.863281263          3.0          
-53.3402859308          2.0          
-53.3402859308          0.0          
-52.8172905613          2.0          
-52.8172905613          1.0          
-52.2942951526          3.0          
-52.2942951526          0.0          
-51.7712997049          5.0          
-51.7712997049          3.0          
-51.2483042125          2.0          
-51.2483042125          6.0          
-50.7253086846          2.0          
-50.7253086846          5.0          
-50.2023131121          2.0          
-50.2023131121          4.0          
-49.6793175023          3.0          
-49.6793175023          3.0          
-49.1563218515          3.0          
-49.1563218515          0.0          
-48.6333261654          3.0          
-48.6333261654          6.0          
-48.1103304289          3.0          
-48.1103304289          1.0          
-48.1103304289          6.0          
-47.5873346608          4.0          
-47.5873346608          2.0          
-47.0643388499          3.0          
-47.0643388499          3.0          
-46.5413429979          6.0          
-46.5413429979          6.0          
-46.0183471087          2.0          
-46.0183471087          4.0          
-45.4953511786          10.0          
-45.4953511786          4.0          
-44.9723552074          2.0          
-44.9723552074          2.0          
-44.4493591972          0.0          
-44.4493591972          4.0          
-43.9263631459          6.0          
-43.9263631459          5.0          
-43.4033670537          7.0          
-43.4033670537          8.0          
-42.8803709224          4.0          
-42.8803709224          5.0          
-42.3573747519          10.0          
-42.3573747519          3.0          
-42.3573747519          4.0          
-41.8343785405          5.0          
-41.8343785405          10.0          
-41.3113822881          5.0          
-41.3113822881          12.0          
-40.7883859966          6.0          
-40.7883859966          8.0          
-40.265389666          9.0          
-40.265389666          6.0          
-39.7423932943          6.0          
-39.7423932943          7.0          
-39.2193968836          7.0          
-39.2193968836          11.0          
-38.6964004301          11.0          
-38.6964004301          10.0          
-38.173403943          7.0          
-38.173403943          11.0          
-37.6504074056          10.0          
-37.6504074056          11.0          
-37.1274108347          13.0          
-37.1274108347          7.0          
-36.6044142209          10.0          
-36.6044142209          12.0          
-36.6044142209          19.0          
-36.0814175718          17.0          
-36.0814175718          16.0          
-35.5584208798          17.0          
-35.5584208798          17.0          
-35.0354241487          14.0          
-35.0354241487          20.0          
-34.5124273729          14.0          
-34.5124273729          14.0          
-33.9894305635          22.0          
-33.9894305635          16.0          
-33.4664337113          19.0          
-33.4664337113          26.0          
-32.9434368182          13.0          
-32.9434368182          19.0          
-32.4204398841          20.0          
-32.4204398841          17.0          
-31.8974429108          12.0          
-31.8974429108          27.0          
-31.3744458966          18.0          
-31.3744458966          24.0          
-30.8514488451          26.0          
-30.8514488451          23.0          
-30.8514488451          20.0          
-30.3284517527          22.0          
-30.3284517527          37.0          
-29.8054546192          28.0          
-29.8054546192          38.0          
-29.2824574485          44.0          
-29.2824574485          30.0          
-28.759460235          41.0          
-28.759460235          37.0          
-28.2364629805          44.0          
-28.2364629805          33.0          
-27.7134656869          35.0          
-27.7134656869          32.0          
-27.1904683504          36.0          
-27.1904683504          38.0          
-26.6674709786          45.0          
-26.6674709786          44.0          
-26.1444735657          42.0          
-26.1444735657          50.0          
-25.6214761138          43.0          
-25.6214761138          51.0          
-25.0984786209          49.0          
-25.0984786209          55.0          
-25.0984786209          59.0          
-24.5754810851          53.0          
-24.5754810851          52.0          
-24.0524835102          61.0          
-24.0524835102          57.0          
-23.5294859          61.0          
-23.5294859          85.0          
-23.0064882468          58.0          
-23.0064882468          80.0          
-22.483490549          75.0          
-22.483490549          72.0          
-21.9604928121          77.0          
-21.9604928121          93.0          
-21.4374950416          92.0          
-21.4374950416          76.0          
-20.9144972265          92.0          
-20.9144972265          101.0          
-20.3914993722          97.0          
-20.3914993722          97.0          
-19.8685014788          94.0          
-19.8685014788          114.0          
-19.8685014788          104.0          
-19.3455035426          113.0          
-19.3455035426          109.0          
-18.8225055709          98.0          
-18.8225055709          122.0          
-18.2995075546          126.0          
-18.2995075546          109.0          
-17.7765094973          123.0          
-17.7765094973          133.0          
-17.2535114065          116.0          
-17.2535114065          118.0          
-16.7305132728          125.0          
-16.7305132728          149.0          
-16.2075150963          140.0          
-16.2075150963          132.0          
-15.6845168807          133.0          
-15.6845168807          154.0          
-15.1615186222          181.0          
-15.1615186222          169.0          
-14.6385203283          191.0          
-14.6385203283          184.0          
-14.1155219972          208.0          
-14.1155219972          210.0          
-14.1155219972          202.0          
-13.5925236214          221.0          
-13.5925236214          216.0          
-13.0695252065          234.0          
-13.0695252065          265.0          
-12.5465267468          265.0          
-12.5465267468          243.0          
-12.0235282518          281.0          
-12.0235282518          242.0          
-11.5005297158          272.0          
-11.5005297158          275.0          
-10.9775311444          298.0          
-10.9775311444          302.0          
-10.4545325246          330.0          
-10.4545325246          342.0          
-9.93153386936          339.0          
-9.93153386936          351.0          
-9.40853517689          343.0          
-9.40853517689          348.0          
-8.88553643785          312.0          
-8.88553643785          383.0          
-8.36253766157          399.0          
-8.36253766157          393.0          
-8.36253766157          402.0          
-7.83953884803          383.0          
-7.83953884803          379.0          
-7.31653999351          432.0          
-7.31653999351          440.0          
-6.79354109429          470.0          
-6.79354109429          420.0          
-6.27054215595          468.0          
-6.27054215595          468.0          
-5.7475431785          516.0          
-5.7475431785          518.0          
-5.22454416379          504.0          
-5.22454416379          470.0          
-4.70154510811          527.0          
-4.70154510811          513.0          
-4.17854601517          519.0          
-4.17854601517          528.0          
-3.65554687753          584.0          
-3.65554687753          527.0          
-3.13254769892          565.0          
-3.13254769892          524.0          
-2.60954848118          528.0          
-2.60954848118          580.0          
-2.60954848118          605.0          
-2.08654922433          620.0          
-2.08654922433          643.0          
-1.5635499265          756.0          
-1.5635499265          1016.0          
-1.04055058956          1385.0          
-1.04055058956          2051.0          
-0.517551213503          4371.0          
-0.517551213503          6840.0          
0.00544820539653          9463.0          
0.00544820539653          8237.0          
0.528447661549          4396.0          
0.528447661549          2487.0          
1.05144715868          1335.0          
1.05144715868          1010.0          
1.57444669679          775.0          
1.57444669679          728.0          
2.09744627401          611.0          
2.09744627401          554.0          
2.62044589035          561.0          
2.62044589035          615.0          
3.1434455514          561.0          
3.1434455514          601.0          
3.1434455514          606.0          
3.66644524969          625.0          
3.66644524969          594.0          
4.1894449871          616.0          
4.1894449871          644.0          
4.71244476363          631.0          
4.71244476363          610.0          
5.23544458114          630.0          
5.23544458114          663.0          
5.75844443776          601.0          
5.75844443776          645.0          
6.28144433722          586.0          
6.28144433722          573.0          
6.8044442758          593.0          
6.8044442758          587.0          
7.32744425349          588.0          
7.32744425349          570.0          
7.8504442703          529.0          
7.8504442703          513.0          
8.37344432995          548.0          
8.37344432995          511.0          
8.89644442871          495.0          
8.89644442871          485.0          
8.89644442871          482.0          
9.41944456846          487.0          
9.41944456846          451.0          
9.94244474545          482.0          
9.94244474545          543.0          
10.4654449653          456.0          
10.4654449653          492.0          
10.9884452224          476.0          
10.9884452224          460.0          
11.5114455223          421.0          
11.5114455223          403.0          
12.0344458614          396.0          
12.0344458614          360.0          
12.5574462414          402.0          
12.5574462414          377.0          
13.0804466605          344.0          
13.0804466605          373.0          
13.6034471206          357.0          
13.6034471206          367.0          
14.126447618          305.0          
14.126447618          357.0          
14.6494481564          304.0          
14.6494481564          309.0          
14.6494481564          320.0          
15.1724487375          323.0          
15.1724487375          266.0          
15.6954493541          284.0          
15.6954493541          274.0          
16.2184500173          235.0          
16.2184500173          244.0          
16.7414507158          254.0          
16.7414507158          243.0          
17.2644514516          234.0          
17.2644514516          228.0          
17.7874522321          233.0          
17.7874522321          225.0          
18.3104530517          210.0          
18.3104530517          200.0          
18.833453916          220.0          
18.833453916          226.0          
19.3564548157          211.0          
19.3564548157          222.0          
19.8794557564          211.0          
19.8794557564          199.0          
19.8794557564          189.0          
20.4024567343          206.0          
20.4024567343          177.0          
20.9254577551          187.0          
20.9254577551          179.0          
21.448458815          187.0          
21.448458815          186.0          
21.9714599159          187.0          
21.9714599159          176.0          
22.4944610558          168.0          
22.4944610558          162.0          
23.0174622387          156.0          
23.0174622387          140.0          
23.5404634532          167.0          
23.5404634532          140.0          
24.0634647198          137.0          
24.0634647198          128.0          
24.5864660181          137.0          
24.5864660181          140.0          
25.1094673593          142.0          
25.1094673593          149.0          
25.6324687414          121.0          
25.6324687414          140.0          
25.6324687414          129.0          
26.1554701626          105.0          
26.1554701626          108.0          
26.6784716193          114.0          
26.6784716193          108.0          
27.2014731225          105.0          
27.2014731225          95.0          
27.7244746629          108.0          
27.7244746629          105.0          
28.2474762462          95.0          
28.2474762462          107.0          
28.7704778705          80.0          
28.7704778705          86.0          
29.2934795301          105.0          
29.2934795301          87.0          
29.8164812308          80.0          
29.8164812308          73.0          
30.3394829724          98.0          
30.3394829724          81.0          
30.8624847531          75.0          
30.8624847531          67.0          
31.385486573          73.0          
31.385486573          76.0          
31.385486573          70.0          
31.9084884357          69.0          
31.9084884357          66.0          
32.4314903375          70.0          
32.4314903375          65.0          
32.9544922803          55.0          
32.9544922803          58.0          
33.4774942584          61.0          
33.4774942584          55.0          
34.0004962869          47.0          
34.0004962869          55.0          
34.523498347          48.0          
34.523498347          48.0          
35.04650045          53.0          
35.04650045          48.0          
35.5695025939          41.0          
35.5695025939          51.0          
36.0925047752          49.0          
36.0925047752          54.0          
36.6155069936          41.0          
36.6155069936          43.0          
37.1385092568          56.0          
37.1385092568          50.0          
37.1385092568          38.0          
37.6615115628          46.0          
37.6615115628          33.0          
38.1845139023          47.0          
38.1845139023          27.0          
38.7075162902          39.0          
38.7075162902          39.0          
39.230518708          37.0          
39.230518708          36.0          
39.7535211723          45.0          
39.7535211723          33.0          
40.2765236758          34.0          
40.2765236758          24.0          
40.7995262202          29.0          
40.7995262202          42.0          
41.3225288019          37.0          
41.3225288019          30.0          
41.8455314264          27.0          
41.8455314264          31.0          
42.3685340863          29.0          
42.3685340863          25.0          
42.891536789          23.0          
42.891536789          27.0          
42.891536789          20.0          
43.4145395346          28.0          
43.4145395346          26.0          
43.9375423174          20.0          
43.9375423174          24.0          
44.4605451412          26.0          
44.4605451412          21.0          
44.9835480079          21.0          
44.9835480079          21.0          
45.5065509081          26.0          
45.5065509081          17.0          
46.029553853          18.0          
46.029553853          18.0          
46.552556837          17.0          
46.552556837          12.0          
47.0755598582          23.0          
47.0755598582          29.0          
47.5985629279          22.0          
47.5985629279          18.0          
48.1215660293          14.0          
48.1215660293          18.0          
48.6445691716          11.0          
48.6445691716          8.0          
48.6445691716          17.0          
49.1675723549          16.0          
49.1675723549          12.0          
49.6905755829          19.0          
49.6905755829          15.0          
50.2135788463          15.0          
50.2135788463          11.0          
50.7365821507          15.0          
50.7365821507          8.0          
51.259585496          14.0          
51.259585496          15.0          
51.7825888786          15.0          
51.7825888786          18.0          
52.3055923041          24.0          
52.3055923041          14.0          
52.8285957687          12.0          
52.8285957687          5.0          
53.3515992742          3.0          
53.3515992742          16.0          
53.8746028189          10.0          
53.8746028189          12.0          
54.3976064045          10.0          
54.3976064045          11.0          
54.3976064045          16.0          
54.9206100293          13.0          
54.9206100293          10.0          
55.4436136931          11.0          
55.4436136931          8.0          
55.9666173998          9.0          
55.9666173998          12.0          
56.4896211438          12.0          
56.4896211438          18.0          
57.0126249306          10.0          
57.0126249306          15.0          
57.5356287546          2.0          
57.5356287546          17.0          
58.0586326197          12.0          
58.0586326197          5.0          
58.5816365238          12.0          
58.5816365238          6.0          
59.1046404708          6.0          
59.1046404708          8.0          
59.6276444588          11.0          
59.6276444588          11.0          
60.150648484          11.0          
60.150648484          5.0          
60.150648484          6.0          
60.6736525502          8.0          
60.6736525502          7.0          
61.1966566537          8.0          
61.1966566537          9.0          
61.7196608          9.0          
61.7196608          3.0          
62.2426649872          13.0          
62.2426649872          4.0          
62.7656692136          4.0          
62.7656692136          13.0          
63.288673481          9.0          
63.288673481          6.0          
63.8116777875          10.0          
63.8116777875          9.0          
64.3346821312          8.0          
64.3346821312          5.0          
64.8576865178          5.0          
64.8576865178          6.0          
65.3806909472          11.0          
65.3806909472          6.0          
65.3806909472          7.0          
65.903695412          5.0          
65.903695412          5.0          
66.4266999196          6.0          
66.4266999196          5.0          
66.9497044664          8.0          
66.9497044664          9.0          
67.4727090504          3.0          
67.4727090504          7.0          
67.9957136773          7.0          
67.9957136773          2.0          
68.5187183451          4.0          
68.5187183451          4.0          
69.041723052          1.0          
69.041723052          2.0          
69.5647278          0.0          
69.5647278          3.0          
70.0877325907          4.0          
70.0877325907          1.0          
70.610737415          7.0          
70.610737415          5.0          
71.1337422822          3.0          
71.1337422822          5.0          
71.1337422822          4.0          
71.6567471903          5.0          
71.6567471903          4.0          
72.1797521356          5.0          
72.1797521356          6.0          
72.7027571257          3.0          
72.7027571257          6.0          
73.2257621549          4.0          
73.2257621549          5.0          
73.7487672195          3.0          
73.7487672195          5.0          
74.2717723269          2.0          
74.2717723269          3.0          
74.7947774753          1.0          
74.7947774753          0.0          
75.3177826647          1.0          
75.3177826647          3.0          
75.840787895          4.0          
75.840787895          5.0          
76.3637931626          2.0          
76.3637931626          2.0          
76.8867984693          1.0          
76.8867984693          3.0          
76.8867984693          2.0          
77.409803817          1.0          
77.409803817          5.0          
77.9328092057          4.0          
77.9328092057          4.0          
78.4558146317          0.0          
78.4558146317          1.0          
78.9788201023          6.0          
78.9788201023          4.0          
79.5018256102          1.0          
79.5018256102          2.0          
80.0248311553          2.0          
80.0248311553          2.0          
80.5478367489          0.0          
80.5478367489          2.0          
81.070842376          1.0          
81.070842376          3.0          
81.5938480478          1.0          
81.5938480478          1.0          
82.1168537531          0.0          
82.1168537531          1.0          
82.639859505          5.0          
82.639859505          2.0          
82.639859505          0.0          
83.1628652904          2.0          
83.1628652904          1.0          
83.6858711224          1.0          
83.6858711224          1.0          
84.2088769916          1.0          
84.2088769916          0.0          
84.7318828981          2.0          
84.7318828981          0.0          
85.2548888512          1.0          
85.2548888512          1.0          
85.7778948396          4.0          
85.7778948396          2.0          
86.3009008672          1.0          
86.3009008672          2.0          
86.8239069376          1.0          
86.8239069376          3.0          
87.3469130471          1.0          
87.3469130471          1.0          
87.8699191976          2.0          
87.8699191976          2.0          
88.3929253872          2.0          
88.3929253872          2.0          
88.3929253872          0.0          
88.9159316178          1.0          
88.9159316178          4.0          
89.4389378838          0.0          
89.4389378838          3.0          
89.9619441964          1.0          
89.9619441964          3.0          
90.484950548          1.0          
90.484950548          2.0          
91.0079569388          0.0          
91.0079569388          0.0          
91.5309633706          0.0          
91.5309633706          0.0          
92.0539698396          2.0          
92.0539698396          0.0          
92.5769763477          3.0          
92.5769763477          0.0          
93.0999828987          0.0          
93.0999828987          1.0          
93.6229894888          0.0          
93.6229894888          1.0          
94.1459961198          0.0          
94.1459961198          0.0          
94.1459961198          0.0          
94.6690027919          0.0          
94.6690027919          2.0          
95.1920095012          1.0          
95.1920095012          0.0          
95.7150162514          0.0          
95.7150162514          0.0          
96.2380230464          0.0          
96.2380230464          1.0          
96.7610298768          1.0          
96.7610298768          0.0          
97.2840367462          0.0          
97.2840367462          0.0          
97.8070436586          0.0          
97.8070436586          0.0          
98.3300506081          1.0          
98.3300506081          0.0          
98.8530576006          0.0          
98.8530576006          0.0          
99.3760646302          0.0          
99.3760646302          1.0          
99.8990717009          1.0          
99.8990717009          0.0          
99.8990717009          1.0          
100.422078816          0.0          
100.422078816          1.0          
100.945085967          0.0          
100.945085967          2.0          
101.468093159          0.0          
101.468093159          1.0          
101.991100388          0.0          
101.991100388          1.0          
102.514107663          1.0          
102.514107663          0.0          
103.037114976          1.0          
103.037114976          1.0          
103.560122326          1.0          
103.560122326          0.0          
104.083129719          0.0          
104.083129719          0.0          
104.606137151          0.0          
104.606137151          0.0          
105.12914462          1.0          
105.12914462          0.0          
105.12914462          1.0          
105.652152132          1.0          
105.652152132          0.0          
106.175159687          0.0          
106.175159687          0.0          
106.698167281          0.0          
106.698167281          0.0          
107.221174913          1.0          
107.221174913          2.0          
107.744182585          0.0          
107.744182585          0.0          
108.267190298          0.0          
108.267190298          1.0          
108.79019805          0.0          
108.79019805          0.0          
109.313205842          1.0          
109.313205842          0.0          
109.836213674          0.0          
109.836213674          1.0          
110.359221548          0.0          
110.359221548          0.0          
110.882229466          0.0          
110.882229466          0.0          
110.882229466          1.0          
111.405237416          0.0          
111.405237416          0.0          
111.928245408          0.0          
111.928245408          0.0          
112.45125344          0.0          
112.45125344          0.0          
112.974261513          0.0          
112.974261513          0.0          
113.497269629          1.0          
113.497269629          0.0          
114.020277785          0.0          
114.020277785          0.0          
114.543285972          0.0          
114.543285972          1.0          
115.066294208          0.0          
115.066294208          0.0          
115.589302482          0.0          
115.589302482          0.0          
116.112310799          1.0          
116.112310799          1.0          
116.635319153          0.0          
116.635319153          0.0          
116.635319153          1.0          
117.158327546          0.0          
117.158327546          1.0          
117.681335978          0.0          
117.681335978          1.0          
118.204344453          0.0          
118.204344453          0.0          
118.727352966          1.0          
118.727352966          1.0          
119.250361521          0.0          
119.250361521          0.0          
119.773370115          0.0          
119.773370115          0.0          
120.296378752          0.0          
120.296378752          1.0          
120.819387421          0.0          
120.819387421          0.0          
121.342396138          0.0          
121.342396138          0.0          
121.865404896          0.0          
121.865404896          0.0          
122.38841369          0.0          
122.38841369          0.0          
122.38841369          1.0          
122.911422526          0.0          
122.911422526          0.0          
123.4344314          0.0          
123.4344314          0.0          
123.957440311          0.0          
123.957440311          0.0          
124.480449269          0.0          
124.480449269          0.0          
125.003458261          0.0          
125.003458261          1.0          
125.526467299          0.0          
125.526467299          1.0          
126.049476374          0.0          
126.049476374          1.0          
126.572485493          0.0          
126.572485493          0.0          
127.095494645          1.0          
127.095494645          0.0          
127.618503841          0.0          
127.618503841          0.0          
128.141513078          0.0          
128.141513078          0.0          
128.141513078          0.0          
128.66452235          0.0          
128.66452235          0.0          
129.187531667          1.0          
129.187531667          0.0          
129.710541023          0.0          
129.710541023          0.0          
130.233550414          0.0          
130.233550414          0.0          
130.756559853          0.0          
130.756559853          0.0          
131.27956933          0.0          
131.27956933          0.0          
131.802578848          1.0          
131.802578848          0.0          
132.325588403          0.0          
132.325588403          0.0          
132.848598          0.0          
132.848598          0.0          
133.371607635          0.0          
133.371607635          0.0          
133.894617312          0.0          
133.894617312          0.0          
133.894617312          0.0          
134.417627025          0.0          
134.417627025          0.0          
134.940636786          0.0          
134.940636786          1.0          
135.463646583          0.0          
135.463646583          0.0          
135.986656414          0.0          
135.986656414          0.0          
136.509666292          0.0          
136.509666292          0.0          
137.032676212          0.0          
137.032676212          0.0          
137.55568617          0.0          
137.55568617          0.0          
138.078696165          0.0          
138.078696165          1.0          
138.601706205          1.0          
138.601706205          2.0          
139.12471628          0.0          
139.12471628          1.0          
139.647726398          0.0          
139.647726398          0.0          
139.647726398          0.0          
140.170736553          0.0          
140.170736553          0.0          
140.693746751          0.0          
140.693746751          1.0          
141.216756988          0.0          
141.216756988          0.0          
141.739767268          0.0          
141.739767268          0.0          
142.262777586          1.0          
142.262777586          0.0          
142.785787944          0.0          
142.785787944          0.0          
143.308798339          1.0          
143.308798339          0.0          
143.831808778          0.0          
143.831808778          0.0          
144.354819255          1.0          
144.354819255          0.0          
144.877829773          0.0          
144.877829773          0.0          
145.400840331          0.0          
145.400840331          0.0          
145.400840331          0.0          
145.923850928          1.0          
145.923850928          0.0          
146.446861565          0.0          
146.446861565          1.0          
146.969872246          0.0          
146.969872246          0.0          
147.492882967          0.0          
147.492882967          0.0          
148.015893722          0.0          
148.015893722          0.0          
148.538904522          0.0          
148.538904522          1.0          
149.061915359          0.0          
149.061915359          0.0          
149.584926238          1.0          
149.584926238          0.0          
150.107937155          0.0          
150.107937155          0.0          
150.630948115          0.0          
150.630948115          0.0          
150.630948115          0.0          
151.153959116          0.0          
151.153959116          0.0          
151.676970156          0.0          
151.676970156          0.0          
152.199981229          1.0          
152.199981229          0.0          
152.722992351          0.0          
152.722992351          0.0          
153.246003514          0.0          
153.246003514          0.0          
153.769014711          0.0          
153.769014711          0.0          
154.29202595          0.0          
154.29202595          0.0          
154.81503723          0.0          
154.81503723          0.0          
155.338048548          0.0          
155.338048548          0.0          
155.86105991          0.0          
155.86105991          0.0          
156.384071307          0.0          
156.384071307          0.0          
156.384071307          0.0          
156.90708275          0.0          
156.90708275          0.0          
157.430094229          0.0          
157.430094229          0.0          
157.953105748          1.0          
157.953105748          0.0          
158.476117307          1.0          
158.476117307          0.0          
158.999128904          1.0          
158.999128904          0.0          
159.522140548          0.0          
159.522140548          0.0          
160.045152226          0.0          
160.045152226          0.0          
160.568163948          0.0          
160.568163948          0.0          
161.091175709          0.0          
161.091175709          0.0          
161.614187507          0.0          
161.614187507          0.0          
162.137199346          0.0          
162.137199346          1.0          
162.137199346          0.0          
162.66021123          0.0          
162.66021123          0.0          
163.183223149          0.0          
163.183223149          0.0          
163.706235111          0.0          
163.706235111          0.0          
164.229247114          0.0          
164.229247114          0.0          
164.752259152          0.0          
164.752259152          0.0          
165.275271231          0.0          
165.275271231          0.0          
165.798283353          0.0          
165.798283353          0.0          
166.321295515          0.0          
166.321295515          0.0          
166.844307715          1.0          
166.844307715          0.0          
167.367319958          0.0          
167.367319958          0.0          
167.890332239          0.0          
167.890332239          0.0          
167.890332239          0.0          
168.413344558          0.0          
168.413344558          0.0          
168.936356921          1.0          
168.936356921          0.0          
169.459369324          0.0          
169.459369324          0.0          
169.982381765          0.0          
169.982381765          0.0          
170.505394245          0.0          
170.505394245          0.0          
171.028406767          0.0          
171.028406767          0.0          
171.551419327          0.0          
171.551419327          0.0          
172.074431932          0.0          
172.074431932          0.0          
172.597444573          0.0          
172.597444573          0.0          
173.120457258          0.0          
173.120457258          0.0          
173.64346998          0.0          
173.64346998          0.0          
173.64346998          0.0          
174.166482739          0.0          
174.166482739          0.0          
174.689495543          0.0          
174.689495543          0.0          
175.212508384          0.0          
175.212508384          0.0          
175.735521268          1.0          
175.735521268          0.0          
176.258534191          0.0          
176.258534191          1.0          
176.781547153          0.0          
176.781547153          0.0          
177.304560153          1.0          
177.304560153          0.0          
177.827573195          0.0          
177.827573195          1.0          
178.350586282          0.0          
178.350586282          0.0          
178.873599404          0.0          
178.873599404          0.0          
179.39661257          0.0          
179.39661257          0.0          
