#Files Included:
#scan_0034.mda
#scan_0037.mda
#Energy= Column: 1
#Signal= Column: 2
-79.8991985694          0.0          
-79.6474590767          1.0          
-79.3957195748          1.0          
-79.1439800616          1.0          
-78.8922405411          1.0          
-78.640501013          1.0          
-78.3887614738          1.0          
-78.1370219272          0.0          
-77.9212451652          0.0          
-77.6695056017          0.0          
-77.4177660309          0.0          
-77.1660264507          1.0          
-76.9142868593          0.0          
-76.6625472605          1.0          
-76.4108076543          2.0          
-76.1590680368          1.0          
-75.9073284138          0.0          
-75.6555887777          2.0          
-75.4038491379          0.0          
-75.152109487          0.0          
-74.9003698267          1.0          
-74.6486301571          0.0          
-74.3968904801          0.0          
-74.1451507937          0.0          
-73.893411098          1.0          
-73.6416713949          1.0          
-73.3899316825          0.0          
-73.1381919608          0.0          
-72.9224150497          1.0          
-72.6706753112          1.0          
-72.4189355671          0.0          
-72.1671958081          1.0          
-71.9154560473          0.0          
-71.6637162734          0.0          
-71.4119764902          0.0          
-71.1602366995          0.0          
-70.9084968995          1.0          
-70.6567570921          1.0          
-70.4050172754          0.0          
-70.1532774493          0.0          
-69.9015376139          1.0          
-69.649797773          1.0          
-69.398057919          1.0          
-69.1463180594          0.0          
-68.7976159807          0.0          
-68.5458769258          1.0          
-68.2941378579          2.0          
-68.0423987806          0.0          
-67.7906596959          1.0          
-67.5389206037          0.0          
-67.2871815022          0.0          
-67.0354423877          1.0          
-66.7837032676          1.0          
-66.5319641419          0.0          
-66.2802250031          2.0          
-66.0644485932          0.0          
-65.8127094395          0.0          
-65.5609702766          0.0          
-65.3092311043          0.0          
-65.0574919265          0.0          
-64.8057527356          1.0          
-64.5540135372          1.0          
-64.3022743315          0.0          
-64.0505351163          2.0          
-63.7987958919          2.0          
-63.5470566563          0.0          
-63.2953174189          2.0          
-63.0435781665          1.0          
-62.7918389067          0.0          
-62.5400996376          0.0          
-62.288360361          1.0          
-62.036621077          0.0          
-61.7848817818          2.0          
-61.5331424773          0.0          
-61.2814031672          1.0          
-61.0656266063          2.0          
-60.8138872776          1.0          
-60.5621479414          0.0          
-60.3104085922          1.0          
-60.0586692374          2.0          
-59.806929877          4.0          
-59.5551905017          2.0          
-59.3034511209          0.0          
-59.0517117325          1.0          
-58.799972333          1.0          
-58.5482329261          0.0          
-58.2964935079          1.0          
-58.0447540842          0.0          
-57.7930146493          1.0          
-57.541275207          0.0          
-57.2895357534          0.0          
-57.0377962962          0.0          
-56.7860568259          0.0          
-56.5343173463          2.0          
-56.2825778611          4.0          
-56.0308383666          0.0          
-55.8150616474          0.0          
-55.563322138          0.0          
-55.3115826156          2.0          
-55.0598430857          3.0          
-54.8081035502          1.0          
-54.5563640017          1.0          
-54.3046244439          2.0          
-54.0528848805          0.0          
-53.8011453077          3.0          
-53.5494057238          1.0          
-53.2976661325          2.0          
-53.0459265336          2.0          
-52.7941869255          2.0          
-52.5424473081          1.0          
-52.2907076813          0.0          
-52.0389680453          0.0          
-51.7872284036          3.0          
-51.5354887489          1.0          
-51.2837490886          1.0          
-51.0320094191          0.0          
-50.7802697383          2.0          
-50.5644928627          2.0          
-50.3127531689          2.0          
-50.0610134639          4.0          
-49.8092737515          2.0          
-49.5575340316          1.0          
-49.3057943005          0.0          
-49.0540545601          0.0          
-48.8023148142          0.0          
-48.5505750552          0.0          
-48.2988352906          0.0          
-48.0470955148          1.0          
-47.7953557335          2.0          
-47.543615941          1.0          
-47.2918761391          3.0          
-47.0401363298          3.0          
-46.7883965131          1.0          
-46.5366566852          2.0          
-46.2849168498          0.0          
-46.0331770033          1.0          
-45.7814371493          3.0          
-45.5656601265          1.0          
-45.3139202558          1.0          
-45.0621803775          0.0          
-44.81044049          0.0          
-44.5587005951          2.0          
-44.3069606889          2.0          
-44.0552207753          1.0          
-43.8034808524          1.0          
-43.551740922          0.0          
-43.3000009805          4.0          
-43.0482610315          2.0          
-42.7965210713          0.0          
-42.5447811056          2.0          
-42.2930411305          1.0          
-42.0413011461          2.0          
-41.7895611543          5.0          
-41.5378211532          4.0          
-41.2860811409          3.0          
-41.0343411192          2.0          
-40.7826010939          0.0          
-40.5308610573          0.0          
-40.3150838763          4.0          
-40.0633438211          2.0          
-39.8116037603          0.0          
-39.5598636866          3.0          
-39.3081236091          3.0          
-39.0563835204          4.0          
-38.8046434224          4.0          
-38.5529033169          7.0          
-38.3011632022          3.0          
-38.0494230781          4.0          
-37.7976829447          1.0          
-37.5459428057          2.0          
-37.2942026537          1.0          
-37.0424624942          0.0          
-36.7907223273          0.0          
-36.5389821511          3.0          
-36.2872419655          3.0          
-36.0355017707          4.0          
-35.7837615684          4.0          
-35.5320213567          0.0          
-35.2802811358          1.0          
-35.0645037983          3.0          
-34.8127635606          3.0          
-34.5610233154          2.0          
-34.3092830591          3.0          
-34.057542799          2.0          
-33.805802526          0.0          
-33.5540622454          5.0          
-33.3023219556          9.0          
-33.0505816583          3.0          
-32.7988413498          6.0          
-32.5471010339          4.0          
-32.2953607105          7.0          
-32.0436203759          2.0          
-31.7918800339          4.0          
-31.5401396845          2.0          
-31.288399322          6.0          
-31.0366589539          7.0          
-30.7849185765          3.0          
-30.5331781898          7.0          
-30.2814377956          3.0          
-30.0656603072          5.0          
-29.8139198944          5.0          
-29.5621794742          5.0          
-29.3104390465          8.0          
-29.0586986076          6.0          
-28.8069581613          7.0          
-28.5552177057          15.0          
-28.3034772445          15.0          
-28.0517367702          6.0          
-27.7999962885          8.0          
-27.5482557956          3.0          
-27.296515299          7.0          
-27.0447747894          4.0          
-26.7930342741          6.0          
-26.5412937459          5.0          
-26.2895532139          11.0          
-26.0378126688          7.0          
-25.7860721163          7.0          
-25.5343315545          8.0          
-25.2825909872          12.0          
-25.0308504086          7.0          
-24.8150727637          8.0          
-24.5633321665          16.0          
-24.3115915637          15.0          
-24.0598509535          7.0          
-23.8081103303          16.0          
-23.5563696995          6.0          
-23.3046290614          20.0          
-23.0528884139          16.0          
-22.8011477571          11.0          
-22.5494070929          17.0          
-22.2976664174          11.0          
-22.0459257364          11.0          
-21.7941850442          20.0          
-21.5424443427          18.0          
-21.2907036338          18.0          
-21.0389629174          19.0          
-20.7872221898          12.0          
-20.5354814548          17.0          
-20.2837407105          13.0          
-20.0319999587          16.0          
-19.7802591939          12.0          
-19.5644813925          12.0          
-19.3127406146          18.0          
-19.0609998256          8.0          
-18.809259031          15.0          
-18.557518227          13.0          
-18.3057774119          13.0          
-18.0540365893          13.0          
-17.8022957612          12.0          
-17.55055492          12.0          
-17.2988140713          12.0          
-17.0470732134          15.0          
-16.795332348          19.0          
-16.5435914733          18.0          
-16.2918505874          20.0          
-16.040109694          17.0          
-15.7883687951          18.0          
-15.536627885          22.0          
-15.2848869655          25.0          
-15.0331460387          21.0          
-14.7814051006          12.0          
-14.5656271484          23.0          
-14.3138861954          36.0          
-14.0621452332          45.0          
-13.8104042616          40.0          
-13.5586632863          50.0          
-13.3069222961          61.0          
-13.0551812984          56.0          
-12.8034402933          73.0          
-12.5516992807          70.0          
-12.2999582551          67.0          
-12.0482172258          73.0          
-11.7964761816          53.0          
-11.5447351336          73.0          
-11.2929940745          63.0          
-11.0412530098          80.0          
-10.7895119339          72.0          
-10.5377708469          87.0          
-10.2860297523          97.0          
-10.0342886522          88.0          
-9.78254754096          85.0          
-9.53080642037          80.0          
-9.31502831168          74.0          
-9.06328717433          53.0          
-8.81154602766          64.0          
-8.5598048754          65.0          
-8.30806371383          47.0          
-8.05632254109          67.0          
-7.80458136275          67.0          
-7.55284017324          56.0          
-7.30109897442          60.0          
-7.04935776629          39.0          
-6.79761655256          51.0          
-6.54587532766          48.0          
-6.29413409345          55.0          
-6.04239285178          39.0          
-5.79065160267          49.0          
-5.53891034238          50.0          
-5.28716907464          37.0          
-5.03542779572          43.0          
-4.78368651308          35.0          
-4.5319452174          45.0          
-4.28020391241          41.0          
-4.0644256454          36.0          
-3.81268432736          60.0          
-3.56094299629          48.0          
-3.3092016615          53.0          
-3.05746031553          53.0          
-2.80571895838          60.0          
-2.5539775975          67.0          
-2.30223622359          86.0          
-2.05049484223          87.0          
-1.79875345156          124.0          
-1.54701205529          129.0          
-1.29527064599          206.0          
-1.04352922924          287.0          
-0.791787803173          528.0          
-0.54004637152          963.0          
-0.288304926828          1575.0          
-0.036563474685          1986.0          
0.215177984908          2017.0          
0.466919453815          1497.0          
0.718660933897          892.0          
0.934439348057          423.0          
1.18618084304          270.0          
1.43792234547          168.0          
1.68966385722          121.0          
1.94140537828          91.0          
2.19314690866          75.0          
2.44488844834          67.0          
2.69662999175          69.0          
2.94837155007          50.0          
3.20011311397          46.0          
3.45185468905          59.0          
3.70359626971          52.0          
3.95533786155          45.0          
4.20707946084          58.0          
4.45882106945          55.0          
4.71056268737          47.0          
4.9623043146          47.0          
5.21404594928          56.0          
5.46578759514          53.0          
5.71752924472          46.0          
5.96927090734          56.0          
6.18504947983          50.0          
6.43679115921          54.0          
6.68853284605          66.0          
6.94027454033          55.0          
7.19201624393          74.0          
7.44375795871          63.0          
7.69549968094          74.0          
7.94724140875          81.0          
8.1989831496          75.0          
8.45072489791          78.0          
8.7024666518          89.0          
8.95420842059          92.0          
9.20595019497          86.0          
9.4576919768          85.0          
9.70943376794          86.0          
9.96117557026          109.0          
10.21291738          115.0          
10.4646591973          153.0          
10.7164010275          151.0          
10.9681428634          139.0          
11.2198847085          125.0          
11.4356634375          105.0          
11.6874052994          102.0          
11.9391471688          88.0          
12.1908890475          77.0          
12.4426309355          106.0          
12.6943728328          102.0          
12.9461147357          101.0          
13.1978566516          89.0          
13.4495985731          112.0          
13.7013405059          100.0          
13.953082446          73.0          
14.2048243955          88.0          
14.4565663543          51.0          
14.7083083186          48.0          
14.9600502942          44.0          
15.2117922809          33.0          
15.4635342732          36.0          
15.7152762748          46.0          
15.9670182858          38.0          
16.218760306          41.0          
16.4345391858          28.0          
16.6862812229          43.0          
16.9380232655          33.0          
17.1897653192          25.0          
17.4415073805          27.0          
17.6932494529          29.0          
17.9449915327          25.0          
18.1967336219          31.0          
18.4484757185          26.0          
18.7002178263          36.0          
18.9519599397          20.0          
19.2037020624          24.0          
19.4554441962          27.0          
19.7071863376          35.0          
19.9589284863          24.0          
20.2106706463          28.0          
20.4624128137          22.0          
20.7141549923          25.0          
20.9658971764          28.0          
21.2176393718          25.0          
21.4693815727          25.0          
21.6851606108          22.0          
21.9369028304          42.0          
22.1886450592          41.0          
22.4403872956          32.0          
22.6921295431          34.0          
22.9438717961          21.0          
23.1956140604          29.0          
23.4473563302          29.0          
23.6990986113          29.0          
23.9508409016          23.0          
24.2025831994          28.0          
24.4543255065          22.0          
24.7060678247          25.0          
24.9578101486          24.0          
25.2095524799          26.0          
25.4612948224          16.0          
25.7130371742          12.0          
25.9647795353          10.0          
26.2165219039          21.0          
26.4682642817          13.0          
26.6840434689          20.0          
26.9357858635          18.0          
27.1875282638          20.0          
27.439270677          20.0          
27.6910130959          17.0          
27.9427555259          19.0          
28.1944979634          18.0          
28.4462404102          16.0          
28.6979828663          14.0          
28.9497253317          17.0          
29.2014678027          26.0          
29.4532102849          21.0          
29.7049527764          13.0          
29.9566952754          20.0          
30.2084377836          20.0          
30.4601803012          28.0          
30.7119228262          6.0          
30.9636653606          15.0          
31.2154079042          10.0          
31.4671504572          18.0          
31.7188930176          14.0          
31.9346723612          6.0          
32.1864149403          8.0          
32.4381575249          12.0          
32.6899001189          12.0          
32.9416427258          11.0          
33.1933853384          13.0          
33.4451279566          8.0          
33.6968705878          16.0          
33.9486132264          2.0          
34.2003558744          7.0          
34.4520985298          12.0          
34.7038411964          13.0          
34.9555838704          7.0          
35.2073265538          7.0          
35.4590692446          10.0          
35.7108119465          10.0          
35.9625546541          7.0          
36.2142973728          3.0          
36.4660401009          9.0          
36.7177828345          8.0          
36.9695255812          6.0          
37.1853050813          7.0          
37.4370478429          3.0          
37.6887906101          7.0          
37.9405333903          10.0          
38.1922761779          4.0          
38.4440189749          5.0          
38.6957617775          5.0          
38.9475045912          6.0          
39.1992474142          5.0          
39.4509902466          5.0          
39.7027330846          7.0          
39.9544759337          7.0          
40.2062187921          3.0          
40.457961658          1.0          
40.7097045314          5.0          
40.9614474159          7.0          
41.2131903097          8.0          
41.4649332091          4.0          
41.7166761197          7.0          
41.9684190396          5.0          
42.1841986924          7.0          
42.4359416272          6.0          
42.6876845732          8.0          
42.9394275229          5.0          
43.1911704857          7.0          
43.4429134559          8.0          
43.6946564373          6.0          
43.9463994242          3.0          
44.1981424205          10.0          
44.4498854261          3.0          
44.7016284429          8.0          
44.9533714633          7.0          
45.205114495          5.0          
45.456857536          3.0          
45.7086005863          5.0          
45.9603436459          6.0          
46.2120867129          2.0          
46.4638297874          5.0          
46.7155728731          2.0          
46.9673159663          4.0          
47.2190590687          4.0          
47.4348388799          9.0          
47.6865819991          4.0          
47.9383251257          2.0          
48.1900682617          3.0          
48.441811407          6.0          
48.6935545579          3.0          
48.9452977218          5.0          
49.1970408931          3.0          
49.4487840757          5.0          
49.7005272638          3.0          
49.9522704612          2.0          
50.2040136699          4.0          
50.4557568859          2.0          
50.7075001076          3.0          
50.9592433423          2.0          
51.2109865826          3.0          
51.4627298359          3.0          
51.7144730929          4.0          
51.966216363          6.0          
52.2179596387          6.0          
52.4697029274          1.0          
52.6854828913          3.0          
52.9372261949          2.0          
53.1889695041          1.0          
53.4407128245          4.0          
53.6924561542          1.0          
53.9441994894          4.0          
54.1959428377          3.0          
54.4476861916          3.0          
54.6994295567          2.0          
54.9511729274          2.0          
55.2029163092          0.0          
55.4546596985          3.0          
55.706403099          3.0          
55.9581465051          1.0          
56.2098899223          1.0          
56.4616333488          1.0          
56.7133767828          2.0          
56.9651202261          2.0          
57.2168636769          1.0          
57.4686071388          1.0          
57.6843872536          4.0          
57.9361307323          4.0          
58.1878742147          1.0          
58.4396177102          2.0          
58.691361215          0.0          
58.9431047272          1.0          
59.194848245          1.0          
59.4465917759          1.0          
59.6983353142          0.0          
59.9500788637          3.0          
60.2018224169          1.0          
60.4535659812          0.0          
60.7053095568          0.0          
60.9570531398          1.0          
61.2087967303          1.0          
61.46054033          2.0          
61.7122839391          1.0          
61.9640275557          3.0          
62.2157711815          1.0          
62.4675148167          1.0          
62.7192584593          1.0          
62.9350387361          5.0          
63.1867823955          2.0          
63.4385260642          3.0          
63.6902697422          1.0          
63.9420134295          0.0          
64.1937571261          2.0          
64.4455008283          0.0          
64.6972445417          2.0          
64.9489882644          0.0          
65.2007319946          2.0          
65.4524757322          0.0          
65.704219481          2.0          
65.9559632391          0.0          
66.2077070028          3.0          
66.4594507795          0.0          
66.7111945637          2.0          
66.9629383534          2.0          
67.2146821562          0.0          
67.4664259646          1.0          
67.7181697842          1.0          
67.9699136093          2.0          
68.1856940426          0.0          
68.4374378845          1.0          
68.6891817376          1.0          
68.9409255981          1.0          
69.1926694699          1.0          
69.444413349          0.0          
69.6961572357          1.0          
69.9479011334          3.0          
70.1996450387          0.0          
70.4513889514          1.0          
70.7031328753          0.0          
70.9548768066          1.0          
71.2066207454          0.0          
71.4583646953          0.0          
71.7101086546          1.0          
71.9618526213          0.0          
72.2135965955          3.0          
72.4653405808          0.0          
72.7170845736          0.0          
72.9688285775          2.0          
73.1846091561          1.0          
73.436353175          2.0          
73.6880972013          1.0          
73.9398412369          1.0          
74.1915852819          1.0          
74.4433293361          0.0          
74.6950733978          0.0          
74.9468174689          0.0          
75.1985615492          0.0          
75.450305637          1.0          
75.7020497341          1.0          
75.9537938405          1.0          
76.2055379581          2.0          
76.4572820794          1.0          
76.7090262137          0.0          
76.9607703555          2.0          
77.2125145067          1.0          
77.4642586615          0.0          
77.7160028312          1.0          
77.9677470084          1.0          
78.2194911949          0.0          
78.4352719318          0.0          
78.6870161332          0.0          
78.9387603421          4.0          
79.1905045621          0.0          
79.4422487915          0.0          
79.6939930301          0.0          
79.9457372725          2.0          
80.1974815279          2.0          
80.4492257927          0.0          
80.700970063          0.0          
80.9527143445          0.0          
81.2044586334          1.0          
81.4562029317          0.0          
81.7079472393          0.0          
81.9596915562          0.0          
82.2114358805          0.0          
82.4631802142          2.0          
82.7149245571          0.0          
82.9666689094          0.0          
83.2184132673          0.0          
83.434194155          1.0          
83.6859385315          0.0          
83.9376829173          0.0          
84.1894273106          0.0          
84.4411717132          0.0          
84.6929161232          1.0          
84.9446605444          0.0          
85.1964049749          0.0          
85.4481494129          0.0          
85.6998938583          0.0          
85.9516383149          0.0          
86.2033827808          1.0          
86.4551272523          1.0          
86.7068717331          0.0          
86.9586162232          0.0          
87.2103607245          0.0          
87.4621052351          1.0          
87.7138497494          0.0          
87.9655942749          0.0          
88.2173388116          1.0          
88.4690833539          0.0          
88.6848644          0.0          
88.9366089571          1.0          
89.1883535255          1.0          
89.440098105          0.0          
89.6918426901          1.0          
89.9435872827          0.0          
90.1953318883          1.0          
90.4470765013          0.0          
90.6988211237          0.0          
90.9505657516          0.0          
91.2023103908          0.0          
