#Files Included:
#scan_0010.mda
#scan_0318.mda
#Energy= Column: 1
#Signal= Column: 2
-160.553490585          0.0          
-160.553490585          0.0          
-160.030503428          0.0          
-160.030503428          0.0          
-159.507516233          0.0          
-159.507516233          0.0          
-158.984528998          0.0          
-158.984528998          0.0          
-158.461541725          0.0          
-158.461541725          0.0          
-157.93855441          0.0          
-157.93855441          0.0          
-157.415567055          0.0          
-157.415567055          0.0          
-156.89257966          0.0          
-156.89257966          0.0          
-156.369592221          0.0          
-156.369592221          0.0          
-156.369592221          0.0          
-155.846604746          0.0          
-155.846604746          0.0          
-155.323617233          1.0          
-155.323617233          0.0          
-154.800629677          0.0          
-154.800629677          0.0          
-154.277642082          0.0          
-154.277642082          0.0          
-153.754654443          0.0          
-153.754654443          0.0          
-153.23166677          0.0          
-153.23166677          0.0          
-152.708679054          0.0          
-152.708679054          0.0          
-152.185691299          0.0          
-152.185691299          0.0          
-151.662703501          0.0          
-151.662703501          1.0          
-151.139715666          0.0          
-151.139715666          0.0          
-150.616727788          0.0          
-150.616727788          0.0          
-150.616727788          1.0          
-150.093739873          1.0          
-150.093739873          0.0          
-149.570751917          0.0          
-149.570751917          0.0          
-149.047763923          0.0          
-149.047763923          0.0          
-148.524775887          0.0          
-148.524775887          0.0          
-148.001787808          0.0          
-148.001787808          0.0          
-147.478799693          0.0          
-147.478799693          0.0          
-146.955811536          0.0          
-146.955811536          0.0          
-146.432823338          0.0          
-146.432823338          1.0          
-145.909835106          0.0          
-145.909835106          0.0          
-145.386846827          0.0          
-145.386846827          0.0          
-144.86385851          0.0          
-144.86385851          0.0          
-144.86385851          0.0          
-144.340870155          0.0          
-144.340870155          0.0          
-143.817881754          0.0          
-143.817881754          0.0          
-143.294893319          0.0          
-143.294893319          0.0          
-142.771904843          0.0          
-142.771904843          1.0          
-142.248916324          0.0          
-142.248916324          1.0          
-141.725927766          1.0          
-141.725927766          0.0          
-141.202939171          0.0          
-141.202939171          0.0          
-140.679950528          0.0          
-140.679950528          0.0          
-140.156961853          0.0          
-140.156961853          0.0          
-139.633973138          0.0          
-139.633973138          0.0          
-139.110984378          1.0          
-139.110984378          0.0          
-139.110984378          0.0          
-138.587995583          0.0          
-138.587995583          0.0          
-138.065006742          0.0          
-138.065006742          0.0          
-137.542017866          0.0          
-137.542017866          0.0          
-137.019028947          0.0          
-137.019028947          0.0          
-136.49603999          0.0          
-136.49603999          0.0          
-135.973050993          0.0          
-135.973050993          0.0          
-135.450061955          0.0          
-135.450061955          0.0          
-134.927072875          0.0          
-134.927072875          0.0          
-134.404083759          0.0          
-134.404083759          0.0          
-133.881094597          0.0          
-133.881094597          0.0          
-133.358105401          1.0          
-133.358105401          0.0          
-133.358105401          0.0          
-132.835116163          0.0          
-132.835116163          0.0          
-132.312126882          0.0          
-132.312126882          0.0          
-131.789137566          1.0          
-131.789137566          0.0          
-131.266148206          0.0          
-131.266148206          0.0          
-130.743158804          0.0          
-130.743158804          0.0          
-130.220169367          0.0          
-130.220169367          0.0          
-129.697179889          0.0          
-129.697179889          0.0          
-129.174190369          1.0          
-129.174190369          0.0          
-128.651200809          0.0          
-128.651200809          0.0          
-128.128211211          0.0          
-128.128211211          0.0          
-127.60522157          0.0          
-127.60522157          1.0          
-127.60522157          0.0          
-127.082231894          1.0          
-127.082231894          0.0          
-126.559242174          1.0          
-126.559242174          0.0          
-126.036252415          1.0          
-126.036252415          0.0          
-125.513262615          0.0          
-125.513262615          0.0          
-124.990272772          0.0          
-124.990272772          0.0          
-124.467282893          0.0          
-124.467282893          0.0          
-123.944292977          0.0          
-123.944292977          0.0          
-123.421303017          0.0          
-123.421303017          0.0          
-122.898313016          0.0          
-122.898313016          0.0          
-122.375322975          0.0          
-122.375322975          0.0          
-121.852332894          1.0          
-121.852332894          0.0          
-121.852332894          0.0          
-121.329342775          0.0          
-121.329342775          0.0          
-120.806352617          0.0          
-120.806352617          0.0          
-120.283362415          0.0          
-120.283362415          0.0          
-119.760372175          0.0          
-119.760372175          0.0          
-119.237381892          0.0          
-119.237381892          0.0          
-118.714391571          0.0          
-118.714391571          0.0          
-118.191401212          0.0          
-118.191401212          0.0          
-117.668410815          0.0          
-117.668410815          0.0          
-117.145420372          0.0          
-117.145420372          1.0          
-116.622429891          0.0          
-116.622429891          0.0          
-116.099439371          0.0          
-116.099439371          0.0          
-116.099439371          0.0          
-115.576448809          0.0          
-115.576448809          0.0          
-115.053458206          0.0          
-115.053458206          0.0          
-114.530467566          0.0          
-114.530467566          0.0          
-114.007476883          0.0          
-114.007476883          0.0          
-113.484486165          0.0          
-113.484486165          0.0          
-112.961495403          0.0          
-112.961495403          0.0          
-112.438504601          0.0          
-112.438504601          0.0          
-111.915513759          0.0          
-111.915513759          0.0          
-111.392522881          1.0          
-111.392522881          0.0          
-110.869531959          0.0          
-110.869531959          1.0          
-110.869531959          0.0          
-110.346540997          1.0          
-110.346540997          0.0          
-109.823549991          2.0          
-109.823549991          0.0          
-109.300558951          0.0          
-109.300558951          0.0          
-108.777567869          0.0          
-108.777567869          0.0          
-108.25457675          0.0          
-108.25457675          0.0          
-107.731585585          0.0          
-107.731585585          1.0          
-107.208594384          1.0          
-107.208594384          1.0          
-106.685603144          0.0          
-106.685603144          0.0          
-106.162611861          0.0          
-106.162611861          0.0          
-105.639620537          0.0          
-105.639620537          0.0          
-105.116629178          0.0          
-105.116629178          0.0          
-105.116629178          0.0          
-104.593637772          0.0          
-104.593637772          0.0          
-104.070646331          0.0          
-104.070646331          0.0          
-103.547654847          0.0          
-103.547654847          1.0          
-103.024663324          0.0          
-103.024663324          1.0          
-102.501671759          1.0          
-102.501671759          1.0          
-101.97868016          0.0          
-101.97868016          0.0          
-101.455688518          0.0          
-101.455688518          0.0          
-100.932696834          0.0          
-100.932696834          0.0          
-100.40970511          0.0          
-100.40970511          0.0          
-99.8867133427          0.0          
-99.8867133427          0.0          
-99.3637215383          0.0          
-99.3637215383          1.0          
-99.3637215383          0.0          
-98.8407297004          0.0          
-98.8407297004          0.0          
-98.3177378178          0.0          
-98.3177378178          1.0          
-97.7947458923          0.0          
-97.7947458923          0.0          
-97.2717539296          0.0          
-97.2717539296          0.0          
-96.7487619258          0.0          
-96.7487619258          0.0          
-96.225769883          0.0          
-96.225769883          0.0          
-95.7027778029          0.0          
-95.7027778029          1.0          
-95.1797856744          0.0          
-95.1797856744          0.0          
-94.6567935087          1.0          
-94.6567935087          0.0          
-94.1338013057          0.0          
-94.1338013057          0.0          
-93.6108090617          0.0          
-93.6108090617          0.0          
-93.6108090617          0.0          
-93.0878167804          0.0          
-93.0878167804          0.0          
-92.5648244545          0.0          
-92.5648244545          0.0          
-92.0418320913          0.0          
-92.0418320913          1.0          
-91.5188396871          0.0          
-91.5188396871          1.0          
-90.9958472438          0.0          
-90.9958472438          0.0          
-90.4728547577          0.0          
-90.4728547577          0.0          
-89.9498622324          0.0          
-89.9498622324          0.0          
-89.4268696737          1.0          
-89.4268696737          0.0          
-88.9038770627          0.0          
-88.9038770627          0.0          
-88.3808844183          0.0          
-88.3808844183          0.0          
-87.8578917328          0.0          
-87.8578917328          0.0          
-87.8578917328          0.0          
-87.3348990064          0.0          
-87.3348990064          0.0          
-86.8119062409          0.0          
-86.8119062409          0.0          
-86.2889134418          0.0          
-86.2889134418          0.0          
-85.7659205943          0.0          
-85.7659205943          0.0          
-85.2429277096          0.0          
-85.2429277096          0.0          
-84.7199347839          0.0          
-84.7199347839          0.0          
-84.1969418153          0.0          
-84.1969418153          0.0          
-83.6739488095          0.0          
-83.6739488095          0.0          
-83.1509557683          0.0          
-83.1509557683          1.0          
-82.6279626805          0.0          
-82.6279626805          0.0          
-82.1049695555          0.0          
-82.1049695555          0.0          
-82.1049695555          1.0          
-81.5819763914          0.0          
-81.5819763914          0.0          
-81.0589831844          0.0          
-81.0589831844          0.0          
-80.5359899383          1.0          
-80.5359899383          0.0          
-80.012996655          0.0          
-80.012996655          0.0          
-79.4900033269          0.372378032291          
-79.4900033269          0.372378032291          
-78.9670099597          0.550100737014          
-78.9670099597          0.550100737014          
-78.4440165535          0.94515898741          
-78.4440165535          1.94515898741          
-77.9210231081          1.0          
-77.9210231081          0.0          
-77.3980296217          0.0          
-77.3980296217          0.0          
-76.8750360962          0.0971585854871          
-76.8750360962          0.0971585854871          
-76.3520425297          2.01963730144          
-76.3520425297          1.01963730144          
-76.3520425297          0.0196373014448          
-75.8290489223          0.0          
-75.8290489223          0.0          
-75.3060552739          0.0          
-75.3060552739          0.0          
-74.7830615882          0.0          
-74.7830615882          0.0          
-74.2600678578          0.0          
-74.2600678578          0.0          
-73.7370740958          0.632030796192          
-73.7370740958          1.63203079619          
-73.2140802871          1.0          
-73.2140802871          1.0          
-72.6910864413          0.0          
-72.6910864413          2.0          
-72.1680925544          0.399466792617          
-72.1680925544          0.399466792617          
-71.6450986285          1.0          
-71.6450986285          0.0          
-71.1221046615          1.0          
-71.1221046615          0.0          
-70.5991106555          1.0          
-70.5991106555          1.0          
-70.5991106555          1.0          
-70.0761166066          0.0534758064436          
-70.0761166066          0.0534758064436          
-69.5531225186          2.0          
-69.5531225186          1.0          
-69.0301283915          1.0          
-69.0301283915          0.0          
-68.5071342215          0.0          
-68.5071342215          1.0          
-67.9841400161          0.0          
-67.9841400161          0.0          
-67.4611457679          1.0          
-67.4611457679          2.0          
-66.9381514825          0.0          
-66.9381514825          0.0          
-66.4151571523          0.0          
-66.4151571523          0.0          
-65.8921627849          0.0          
-65.8921627849          0.0          
-65.3691683766          0.0          
-65.3691683766          1.0          
-65.3691683766          0.0          
-64.8461739272          1.0          
-64.8461739272          0.0          
-64.3231794424          2.0          
-64.3231794424          1.0          
-63.8001849111          1.0          
-63.8001849111          0.0          
-63.2771903425          1.0          
-63.2771903425          0.0          
-62.7541957349          1.0          
-62.7541957349          2.0          
-62.2312010862          0.0          
-62.2312010862          0.0          
-61.7082063984          0.0          
-61.7082063984          1.0          
-61.1852116715          0.0          
-61.1852116715          0.0          
-60.6622169018          0.734576302992          
-60.6622169018          1.73457630299          
-60.1392220929          0.0          
-60.1392220929          0.0          
-59.6162272431          0.0          
-59.6162272431          1.0          
-59.6162272431          1.0          
-59.093232356          3.0          
-59.093232356          0.0          
-58.5702374224          2.04466251282          
-58.5702374224          1.04466251282          
-58.047242457          1.0          
-58.047242457          4.0          
-57.5242474489          1.19970565102          
-57.5242474489          1.19970565102          
-57.0012523979          0.0          
-57.0012523979          0.0          
-56.4782573078          0.0          
-56.4782573078          1.0          
-55.9552621804          0.575127574838          
-55.9552621804          4.57512757484          
-55.4322670121          1.65264918744          
-55.4322670121          2.65264918744          
-54.9092718028          1.73017080452          
-54.9092718028          0.730170804524          
-54.3862765525          0.1923075651          
-54.3862765525          0.1923075651          
-53.863281263          2.0          
-53.863281263          0.0          
-53.863281263          0.0          
-53.3402859308          2.0          
-53.3402859308          0.0          
-52.8172905613          0.959742610515          
-52.8172905613          1.95974261051          
-52.2942951526          2.11777903884          
-52.2942951526          0.117779038844          
-51.7712997049          2.0          
-51.7712997049          2.0          
-51.2483042125          1.0          
-51.2483042125          6.0          
-50.7253086846          0.0          
-50.7253086846          3.0          
-50.2023131121          1.42927708297          
-50.2023131121          1.42927708297          
-49.6793175023          1.0          
-49.6793175023          2.0          
-49.1563218515          2.0          
-49.1563218515          0.0          
-48.6333261654          3.19671195795          
-48.6333261654          4.19671195795          
-48.1103304289          2.23838041367          
-48.1103304289          0.238380413672          
-48.1103304289          4.23838041367          
-47.5873346608          3.04166847636          
-47.5873346608          0.0416684763575          
-47.0643388499          2.0          
-47.0643388499          2.0          
-46.5413429979          3.0          
-46.5413429979          5.0          
-46.0183471087          1.66624606873          
-46.0183471087          2.66624606873          
-45.4953511786          7.41127570368          
-45.4953511786          4.41127570368          
-44.9723552074          2.0          
-44.9723552074          2.0          
-44.4493591972          1.0          
-44.4493591972          3.0          
-43.9263631459          6.93152319559          
-43.9263631459          5.93152319559          
-43.4033670537          6.0          
-43.4033670537          6.0          
-42.8803709224          2.0          
-42.8803709224          5.0          
-42.3573747519          6.87640651533          
-42.3573747519          3.87640651533          
-42.3573747519          2.87640651533          
-41.8343785405          5.0          
-41.8343785405          6.0          
-41.3113822881          3.0          
-41.3113822881          9.0          
-40.7883859966          5.74817083353          
-40.7883859966          6.74817083353          
-40.265389666          4.32935102627          
-40.265389666          5.32935102627          
-39.7423932943          5.0          
-39.7423932943          6.0          
-39.2193968836          4.48439476303          
-39.2193968836          9.48439476303          
-38.6964004301          9.56191664875          
-38.6964004301          6.56191664875          
-38.173403943          5.0          
-38.173403943          4.0          
-37.6504074056          9.0          
-37.6504074056          9.0          
-37.1274108347          14.5889646753          
-37.1274108347          8.5889646753          
-36.6044142209          10.0          
-36.6044142209          9.0          
-36.6044142209          15.0          
-36.0814175718          14.8485785328          
-36.0814175718          13.8485785328          
-35.5584208798          14.0          
-35.5584208798          14.0          
-35.0354241487          10.0          
-35.0354241487          14.0          
-34.5124273729          11.0          
-34.5124273729          14.0          
-33.9894305635          18.40247109          
-33.9894305635          16.40247109          
-33.4664337113          15.4799930514          
-33.4664337113          15.4799930514          
-32.9434368182          10.0          
-32.9434368182          12.0          
-32.4204398841          17.3649629816          
-32.4204398841          11.3649629816          
-31.8974429108          11.4251180102          
-31.8974429108          24.4251180102          
-31.3744458966          18.5801620285          
-31.3744458966          20.5801620285          
-30.8514488451          23.0          
-30.8514488451          21.0          
-30.8514488451          18.0          
-30.3284517527          21.087982176          
-30.3284517527          34.087982176          
-29.8054546192          22.8344957981          
-29.8054546192          27.8344957981          
-29.2824574485          36.0          
-29.2824574485          23.0          
-28.759460235          33.9616447979          
-28.759460235          25.9616447979          
-28.2364629805          33.8057890484          
-28.2364629805          27.8057890484          
-27.7134656869          31.9023694855          
-27.7134656869          28.9023694855          
-27.1904683504          33.3406566422          
-27.1904683504          33.3406566422          
-26.6674709786          41.261273054          
-26.6674709786          39.261273054          
-26.1444735657          39.2489516483          
-26.1444735657          49.2489516483          
-25.6214761138          39.785680685          
-25.6214761138          43.785680685          
-25.0984786209          44.0121198563          
-25.0984786209          48.0121198563          
-25.0984786209          51.0121198563          
-24.5754810851          48.0          
-24.5754810851          44.0          
-24.0524835102          55.8388958347          
-24.0524835102          54.8388958347          
-23.5294859          56.0          
-23.5294859          71.0          
-23.0064882468          48.3677031835          
-23.0064882468          74.3677031835          
-22.483490549          57.8189883315          
-22.483490549          69.8189883315          
-21.9604928121          64.0576145455          
-21.9604928121          76.0576145455          
-21.4374950416          81.0          
-21.4374950416          69.0          
-20.9144972265          77.2524740737          
-20.9144972265          85.2524740737          
-20.3914993722          84.8210524146          
-20.3914993722          83.8210524146          
-19.8685014788          83.0          
-19.8685014788          103.0          
-19.8685014788          89.0          
-19.3455035426          94.9966785233          
-19.3455035426          102.996678523          
-18.8225055709          90.6832682678          
-18.8225055709          117.683268268          
-18.2995075546          116.626820558          
-18.2995075546          95.6268205584          
-17.7765094973          119.765772635          
-17.7765094973          120.765772635          
-17.2535114065          113.0          
-17.2535114065          111.0          
-16.7305132728          109.38927181          
-16.7305132728          136.38927181          
-16.2075150963          123.132823762          
-16.2075150963          121.132823762          
-15.6845168807          122.088632618          
-15.6845168807          143.088632618          
-15.1615186222          156.803826774          
-15.1615186222          161.803826774          
-14.6385203283          183.368871961          
-14.6385203283          164.368871961          
-14.1155219972          179.839480504          
-14.1155219972          163.839480504          
-14.1155219972          170.839480504          
-13.5925236214          187.978100317          
-13.5925236214          184.978100317          
-13.0695252065          201.074784829          
-13.0695252065          218.074784829          
-12.5465267468          227.456921452          
-12.5465267468          205.456921452          
-12.0235282518          233.459658911          
-12.0235282518          198.459658911          
-11.5005297158          216.848537596          
-11.5005297158          223.848537596          
-10.9775311444          244.690755475          
-10.9775311444          254.690755475          
-10.4545325246          281.075207125          
-10.4545325246          271.075207125          
-9.93153386936          271.110284278          
-9.93153386936          291.110284278          
-9.40853517689          283.198508675          
-9.40853517689          305.198508675          
-8.88553643785          266.0          
-8.88553643785          331.0          
-8.36253766157          342.169313995          
-8.36253766157          358.169313995          
-8.36253766157          353.169313995          
-7.83953884803          339.971461476          
-7.83953884803          347.971461476          
-7.31653999351          400.648061209          
-7.31653999351          419.648061209          
-6.79354109429          443.964628931          
-6.79354109429          394.964628931          
-6.27054215595          441.421972038          
-6.27054215595          440.421972038          
-5.7475431785          478.394090047          
-5.7475431785          486.394090047          
-5.22454416379          483.956180893          
-5.22454416379          444.956180893          
-4.70154510811          504.197429137          
-4.70154510811          481.197429137          
-4.17854601517          499.035138136          
-4.17854601517          513.035138136          
-3.65554687753          544.976392688          
-3.65554687753          489.976392688          
-3.13254769892          530.832878533          
-3.13254769892          499.832878533          
-2.60954848118          496.753254623          
-2.60954848118          558.753254623          
-2.60954848118          560.753254623          
-2.08654922433          562.930815357          
-2.08654922433          569.930815357          
-1.5635499265          681.670041485          
-1.5635499265          863.670041485          
-1.04055058956          1152.02299666          
-1.04055058956          1588.02299666          
-0.517551213503          3444.52288551          
-0.517551213503          5355.52288551          
0.00544820539653          7881.4172897          
0.00544820539653          6950.4172897          
0.528447661549          3518.43566665          
0.528447661549          2135.43566665          
1.05144715868          1067.21231817          
1.05144715868          869.212318173          
1.57444669679          642.260161086          
1.57444669679          634.260161086          
2.09744627401          529.478910051          
2.09744627401          484.478910051          
2.62044589035          513.683884124          
2.62044589035          563.683884124          
3.1434455514          522.906551536          
3.1434455514          555.906551536          
3.1434455514          570.906551536          
3.66644524969          585.0          
3.66644524969          571.0          
4.1894449871          574.938403332          
4.1894449871          607.938403332          
4.71244476363          597.0          
4.71244476363          571.0          
5.23544458114          590.783358173          
5.23544458114          624.783358173          
5.75844443776          566.311064678          
5.75844443776          603.311064678          
6.28144433722          542.630897569          
6.28144433722          539.630897569          
6.8044442758          543.0          
6.8044442758          530.0          
7.32744425349          513.347947002          
7.32744425349          521.347947002          
7.8504442703          471.264439834          
7.8504442703          450.264439834          
8.37344432995          485.578287987          
8.37344432995          460.578287987          
8.89644442871          434.0          
8.89644442871          427.0          
8.89644442871          406.0          
9.41944456846          408.040640038          
9.41944456846          369.040640038          
9.94244474545          399.885594724          
9.94244474545          423.885594724          
10.4654449653          357.628718132          
10.4654449653          373.628718132          
10.9884452224          388.130630771          
10.9884452224          380.130630771          
11.5114455223          351.836860908          
11.5114455223          345.836860908          
12.0344458614          336.611655682          
12.0344458614          300.611655682          
12.5574462414          313.123267746          
12.5574462414          302.123267746          
13.0804466605          274.656371597          
13.0804466605          310.656371597          
13.6034471206          288.572813341          
13.6034471206          297.572813341          
14.126447618          268.53927583          
14.126447618          308.53927583          
14.6494481564          255.511179357          
14.6494481564          268.511179357          
14.6494481564          289.511179357          
15.1724487375          289.0          
15.1724487375          235.0          
15.6954493541          251.308056167          
15.6954493541          247.308056167          
16.2184500173          207.360862719          
16.2184500173          225.360862719          
16.7414507158          230.0          
16.7414507158          216.0          
17.2644514516          214.28470524          
17.2644514516          220.28470524          
17.7874522321          216.0          
17.7874522321          209.0          
18.3104530517          191.333122669          
18.3104530517          183.333122669          
18.833453916          199.017589522          
18.833453916          209.017589522          
19.3564548157          192.523347384          
19.3564548157          203.523347384          
19.8794557564          178.895094819          
19.8794557564          177.895094819          
19.8794557564          162.895094819          
20.4024567343          184.213256094          
20.4024567343          161.213256094          
20.9254577551          161.029105197          
20.9254577551          154.029105197          
21.448458815          163.808725211          
21.448458815          163.808725211          
21.9714599159          153.343988236          
21.9714599159          144.343988236          
22.4944610558          138.307358995          
22.4944610558          137.307358995          
23.0174622387          144.609252888          
23.0174622387          128.609252888          
23.5404634532          146.498633752          
23.5404634532          124.498633752          
24.0634647198          115.263332522          
24.0634647198          110.263332522          
24.5864660181          122.656412049          
24.5864660181          119.656412049          
25.1094673593          124.798195126          
25.1094673593          124.798195126          
25.6324687414          108.0          
25.6324687414          130.0          
25.6324687414          117.0          
26.1554701626          88.1591897559          
26.1554701626          93.1591897559          
26.6784716193          97.4374434712          
26.6784716193          86.4374434712          
27.2014731225          96.560651452          
27.2014731225          81.560651452          
27.7244746629          94.4711864814          
27.7244746629          90.4711864814          
28.2474762462          85.6580702759          
28.2474762462          92.6580702759          
28.7704778705          71.9027365024          
28.7704778705          77.9027365024          
29.2934795301          91.9818540032          
29.2934795301          72.9818540032          
29.8164812308          66.5744986467          
29.8164812308          62.5744986467          
30.3394829724          77.6520216407          
30.3394829724          63.6520216407          
30.8624847531          72.5409107279          
30.8624847531          55.5409107279          
31.385486573          64.9415789136          
31.385486573          65.9415789136          
31.385486573          59.9415789136          
31.9084884357          59.0274477989          
31.9084884357          56.0274477989          
32.4314903375          60.8950291752          
32.4314903375          57.8950291752          
32.9544922803          50.6350122774          
32.9544922803          53.6350122774          
33.4774942584          56.9599324253          
33.4774942584          45.9599324253          
34.0004962869          44.9873801155          
34.0004962869          48.9873801155          
34.523498347          39.4150630159          
34.523498347          43.4150630159          
35.04650045          49.4925860847          
35.04650045          45.4925860847          
35.5695025939          35.5701091622          
35.5695025939          45.5701091622          
36.0925047752          45.3523677617          
36.0925047752          49.3523677617          
36.6155069936          36.0          
36.6155069936          31.0          
37.1385092568          50.0          
37.1385092568          42.0          
37.1385092568          31.0          
37.6615115628          40.9538826064          
37.6615115628          26.9538826064          
38.1845139023          45.6982546194          
38.1845139023          24.6982546194          
38.7075162902          32.0          
38.7075162902          32.0          
39.230518708          31.0          
39.230518708          34.0          
39.7535211723          38.3331512048          
39.7535211723          27.3331512048          
40.2765236758          30.7679769188          
40.2765236758          23.7679769188          
40.7995262202          25.5118024771          
40.7995262202          36.5118024771          
41.3225288019          32.131441365          
41.3225288019          25.131441365          
41.8455314264          23.2138989926          
41.8455314264          30.2138989926          
42.3685340863          26.7272483624          
42.3685340863          23.7272483624          
42.891536789          19.0          
42.891536789          27.0          
42.891536789          17.0          
43.4145395346          22.0186705858          
43.4145395346          18.0186705858          
43.9375423174          17.9038062082          
43.9375423174          18.9038062082          
44.4605451412          22.3474340168          
44.4605451412          18.3474340168          
44.9835480079          13.0          
44.9835480079          20.0          
45.5065509081          20.3287634638          
45.5065509081          14.3287634638          
46.029553853          18.4062867181          
46.029553853          17.4062867181          
46.552556837          10.0          
46.552556837          12.0          
47.0755598582          19.2958096369          
47.0755598582          26.2958096369          
47.5985629279          14.5634273043          
47.5985629279          15.5634273043          
48.1215660293          10.8592369191          
48.1215660293          17.8592369191          
48.6445691716          7.0          
48.6445691716          5.0          
48.6445691716          13.0          
49.1675723549          12.9857165119          
49.1675723549          10.9857165119          
49.6905755829          17.0918068027          
49.6905755829          12.0918068027          
50.2135788463          12.169330113          
50.2135788463          10.169330113          
50.7365821507          11.2468534341          
50.7365821507          6.24685343407          
51.259585496          11.3243767609          
51.259585496          12.3243767609          
51.7825888786          13.0          
51.7825888786          13.0          
52.3055923041          17.0          
52.3055923041          13.0          
52.8285957687          7.3001960691          
52.8285957687          3.3001960691          
53.3515992742          3.0          
53.3515992742          12.0          
53.8746028189          9.85485066928          
53.8746028189          8.85485066928          
54.3976064045          10.0          
54.3976064045          8.0          
54.3976064045          14.0          
54.9206100293          9.0          
54.9206100293          9.0          
55.4436136931          6.91257917324          
55.4436136931          5.91257917324          
55.9666173998          7.0          
55.9666173998          11.0          
56.4896211438          12.0          
56.4896211438          13.0          
57.0126249306          9.0          
57.0126249306          14.0          
57.5356287546          1.0          
57.5356287546          11.0          
58.0586326197          8.0          
58.0586326197          4.0          
58.5816365238          11.0          
58.5816365238          6.0          
59.1046404708          4.22705803986          
59.1046404708          8.22705803986          
59.6276444588          10.0          
59.6276444588          9.0          
60.150648484          11.0720110941          
60.150648484          5.07201109413          
60.150648484          3.07201109413          
60.6736525502          6.0          
60.6736525502          5.0          
61.1966566537          5.0          
61.1966566537          8.0          
61.7196608          8.83944063802          
61.7196608          3.83944063802          
62.2426649872          13.0          
62.2426649872          3.0          
62.7656692136          3.0          
62.7656692136          11.0          
63.288673481          9.0          
63.288673481          5.0          
63.8116777875          8.0          
63.8116777875          9.0          
64.3346821312          5.30896589435          
64.3346821312          4.30896589435          
64.8576865178          5.0          
64.8576865178          6.0          
65.3806909472          10.1539187843          
65.3806909472          5.15391878432          
65.3806909472          7.15391878432          
65.903695412          5.92360477683          
65.903695412          3.92360477683          
66.4266999196          5.0          
66.4266999196          2.0          
66.9497044664          6.92134807102          
66.9497044664          9.92134807102          
67.4727090504          1.0          
67.4727090504          6.0          
67.9957136773          6.0          
67.9957136773          2.0          
68.5187183451          3.0          
68.5187183451          2.0          
69.041723052          1.0          
69.041723052          1.0          
69.5647278          1.0          
69.5647278          3.0          
70.0877325907          1.0          
70.0877325907          1.0          
70.610737415          5.23582563682          
70.610737415          5.23582563682          
71.1337422822          1.0          
71.1337422822          4.0          
71.1337422822          2.0          
71.6567471903          3.91922166792          
71.6567471903          4.91922166792          
72.1797521356          4.9967453261          
72.1797521356          4.9967453261          
72.7027571257          3.78287385417          
72.7027571257          3.78287385417          
73.2257621549          3.0          
73.2257621549          3.0          
73.7487672195          2.62782648837          
73.7487672195          3.62782648837          
74.2717723269          1.0          
74.2717723269          3.0          
74.7947774753          1.0          
74.7947774753          0.0          
75.3177826647          1.0          
75.3177826647          1.0          
75.840787895          3.0          
75.840787895          3.0          
76.3637931626          1.0          
76.3637931626          1.0          
76.8867984693          0.0          
76.8867984693          2.0          
76.8867984693          2.0          
77.409803817          1.0          
77.409803817          4.0          
77.9328092057          1.0          
77.9328092057          4.0          
78.4558146317          0.0          
78.4558146317          1.0          
78.9788201023          2.0          
78.9788201023          4.0          
79.5018256102          0.0          
79.5018256102          1.0          
80.0248311553          2.0          
80.0248311553          1.0          
80.5478367489          0.0          
80.5478367489          2.0          
81.070842376          0.0          
81.070842376          2.0          
81.5938480478          0.0          
81.5938480478          1.0          
82.1168537531          0.0          
82.1168537531          1.0          
82.639859505          3.0          
82.639859505          1.0          
82.639859505          0.0          
83.1628652904          2.0          
83.1628652904          0.0          
83.6858711224          0.0          
83.6858711224          1.0          
84.2088769916          0.0          
84.2088769916          0.0          
84.7318828981          1.0          
84.7318828981          0.0          
85.2548888512          1.0          
85.2548888512          1.0          
85.7778948396          2.0          
85.7778948396          1.0          
86.3009008672          0.0          
86.3009008672          0.0          
86.8239069376          0.0          
86.8239069376          1.0          
87.3469130471          1.0          
87.3469130471          0.0          
87.8699191976          1.0          
87.8699191976          1.0          
88.3929253872          1.0          
88.3929253872          2.0          
88.3929253872          0.0          
88.9159316178          0.0          
88.9159316178          0.0          
89.4389378838          0.0          
89.4389378838          2.0          
89.9619441964          0.0          
89.9619441964          1.0          
90.484950548          1.0          
90.484950548          2.0          
91.0079569388          0.0          
91.0079569388          0.0          
91.5309633706          0.0          
91.5309633706          0.0          
92.0539698396          2.0          
92.0539698396          0.0          
92.5769763477          3.0          
92.5769763477          0.0          
93.0999828987          0.0          
93.0999828987          1.0          
93.6229894888          0.0          
93.6229894888          1.0          
94.1459961198          0.0          
94.1459961198          0.0          
94.1459961198          0.0          
94.6690027919          0.0          
94.6690027919          2.0          
95.1920095012          1.0          
95.1920095012          0.0          
95.7150162514          0.0          
95.7150162514          0.0          
96.2380230464          0.0          
96.2380230464          1.0          
96.7610298768          1.0          
96.7610298768          0.0          
97.2840367462          0.0          
97.2840367462          0.0          
97.8070436586          0.0          
97.8070436586          0.0          
98.3300506081          1.0          
98.3300506081          0.0          
98.8530576006          0.0          
98.8530576006          0.0          
99.3760646302          0.0          
99.3760646302          1.0          
99.8990717009          1.0          
99.8990717009          0.0          
99.8990717009          1.0          
100.422078816          0.0          
100.422078816          1.0          
100.945085967          0.0          
100.945085967          2.0          
101.468093159          0.0          
101.468093159          1.0          
101.991100388          0.0          
101.991100388          1.0          
102.514107663          1.0          
102.514107663          0.0          
103.037114976          1.0          
103.037114976          1.0          
103.560122326          1.0          
103.560122326          0.0          
104.083129719          0.0          
104.083129719          0.0          
104.606137151          0.0          
104.606137151          0.0          
105.12914462          1.0          
105.12914462          0.0          
105.12914462          1.0          
105.652152132          1.0          
105.652152132          0.0          
106.175159687          0.0          
106.175159687          0.0          
106.698167281          0.0          
106.698167281          0.0          
107.221174913          1.0          
107.221174913          2.0          
107.744182585          0.0          
107.744182585          0.0          
108.267190298          0.0          
108.267190298          1.0          
108.79019805          0.0          
108.79019805          0.0          
109.313205842          1.0          
109.313205842          0.0          
109.836213674          0.0          
109.836213674          1.0          
110.359221548          0.0          
110.359221548          0.0          
110.882229466          0.0          
110.882229466          0.0          
110.882229466          1.0          
111.405237416          0.0          
111.405237416          0.0          
111.928245408          0.0          
111.928245408          0.0          
112.45125344          0.0          
112.45125344          0.0          
112.974261513          0.0          
112.974261513          0.0          
113.497269629          1.0          
113.497269629          0.0          
114.020277785          0.0          
114.020277785          0.0          
114.543285972          0.0          
114.543285972          1.0          
115.066294208          0.0          
115.066294208          0.0          
115.589302482          0.0          
115.589302482          0.0          
116.112310799          1.0          
116.112310799          1.0          
116.635319153          0.0          
116.635319153          0.0          
116.635319153          1.0          
117.158327546          0.0          
117.158327546          1.0          
117.681335978          0.0          
117.681335978          1.0          
118.204344453          0.0          
118.204344453          0.0          
118.727352966          1.0          
118.727352966          1.0          
119.250361521          0.0          
119.250361521          0.0          
119.773370115          0.0          
119.773370115          0.0          
120.296378752          0.0          
120.296378752          1.0          
120.819387421          0.0          
120.819387421          0.0          
121.342396138          0.0          
121.342396138          0.0          
121.865404896          0.0          
121.865404896          0.0          
122.38841369          0.0          
122.38841369          0.0          
122.38841369          1.0          
122.911422526          0.0          
122.911422526          0.0          
123.4344314          0.0          
123.4344314          0.0          
123.957440311          0.0          
123.957440311          0.0          
124.480449269          0.0          
124.480449269          0.0          
125.003458261          0.0          
125.003458261          1.0          
125.526467299          0.0          
125.526467299          1.0          
126.049476374          0.0          
126.049476374          1.0          
126.572485493          0.0          
126.572485493          0.0          
127.095494645          1.0          
127.095494645          0.0          
127.618503841          0.0          
127.618503841          0.0          
128.141513078          0.0          
128.141513078          0.0          
128.141513078          0.0          
128.66452235          0.0          
128.66452235          0.0          
129.187531667          1.0          
129.187531667          0.0          
129.710541023          0.0          
129.710541023          0.0          
130.233550414          0.0          
130.233550414          0.0          
130.756559853          0.0          
130.756559853          0.0          
131.27956933          0.0          
131.27956933          0.0          
131.802578848          1.0          
131.802578848          0.0          
132.325588403          0.0          
132.325588403          0.0          
132.848598          0.0          
132.848598          0.0          
133.371607635          0.0          
133.371607635          0.0          
133.894617312          0.0          
133.894617312          0.0          
133.894617312          0.0          
134.417627025          0.0          
134.417627025          0.0          
134.940636786          0.0          
134.940636786          1.0          
135.463646583          0.0          
135.463646583          0.0          
135.986656414          0.0          
135.986656414          0.0          
136.509666292          0.0          
136.509666292          0.0          
137.032676212          0.0          
137.032676212          0.0          
137.55568617          0.0          
137.55568617          0.0          
138.078696165          0.0          
138.078696165          1.0          
138.601706205          1.0          
138.601706205          2.0          
139.12471628          0.0          
139.12471628          1.0          
139.647726398          0.0          
139.647726398          0.0          
139.647726398          0.0          
140.170736553          0.0          
140.170736553          0.0          
140.693746751          0.0          
140.693746751          1.0          
141.216756988          0.0          
141.216756988          0.0          
141.739767268          0.0          
141.739767268          0.0          
142.262777586          1.0          
142.262777586          0.0          
142.785787944          0.0          
142.785787944          0.0          
143.308798339          1.0          
143.308798339          0.0          
143.831808778          0.0          
143.831808778          0.0          
144.354819255          1.0          
144.354819255          0.0          
144.877829773          0.0          
144.877829773          0.0          
145.400840331          0.0          
145.400840331          0.0          
145.400840331          0.0          
145.923850928          1.0          
145.923850928          0.0          
146.446861565          0.0          
146.446861565          1.0          
146.969872246          0.0          
146.969872246          0.0          
147.492882967          0.0          
147.492882967          0.0          
148.015893722          0.0          
148.015893722          0.0          
148.538904522          0.0          
148.538904522          1.0          
149.061915359          0.0          
149.061915359          0.0          
149.584926238          1.0          
149.584926238          0.0          
150.107937155          0.0          
150.107937155          0.0          
150.630948115          0.0          
150.630948115          0.0          
150.630948115          0.0          
151.153959116          0.0          
151.153959116          0.0          
151.676970156          0.0          
151.676970156          0.0          
152.199981229          1.0          
152.199981229          0.0          
152.722992351          0.0          
152.722992351          0.0          
153.246003514          0.0          
153.246003514          0.0          
153.769014711          0.0          
153.769014711          0.0          
154.29202595          0.0          
154.29202595          0.0          
154.81503723          0.0          
154.81503723          0.0          
155.338048548          0.0          
155.338048548          0.0          
155.86105991          0.0          
155.86105991          0.0          
156.384071307          0.0          
156.384071307          0.0          
156.384071307          0.0          
156.90708275          0.0          
156.90708275          0.0          
157.430094229          0.0          
157.430094229          0.0          
157.953105748          1.0          
157.953105748          0.0          
158.476117307          1.0          
158.476117307          0.0          
158.999128904          1.0          
158.999128904          0.0          
159.522140548          0.0          
159.522140548          0.0          
160.045152226          0.0          
160.045152226          0.0          
160.568163948          0.0          
160.568163948          0.0          
161.091175709          0.0          
161.091175709          0.0          
161.614187507          0.0          
161.614187507          0.0          
162.137199346          0.0          
162.137199346          1.0          
162.137199346          0.0          
162.66021123          0.0          
162.66021123          0.0          
163.183223149          0.0          
163.183223149          0.0          
163.706235111          0.0          
163.706235111          0.0          
164.229247114          0.0          
164.229247114          0.0          
164.752259152          0.0          
164.752259152          0.0          
165.275271231          0.0          
165.275271231          0.0          
165.798283353          0.0          
165.798283353          0.0          
166.321295515          0.0          
166.321295515          0.0          
166.844307715          1.0          
166.844307715          0.0          
167.367319958          0.0          
167.367319958          0.0          
167.890332239          0.0          
167.890332239          0.0          
167.890332239          0.0          
168.413344558          0.0          
168.413344558          0.0          
168.936356921          1.0          
168.936356921          0.0          
169.459369324          0.0          
169.459369324          0.0          
169.982381765          0.0          
169.982381765          0.0          
170.505394245          0.0          
170.505394245          0.0          
171.028406767          0.0          
171.028406767          0.0          
171.551419327          0.0          
171.551419327          0.0          
172.074431932          0.0          
172.074431932          0.0          
172.597444573          0.0          
172.597444573          0.0          
173.120457258          0.0          
173.120457258          0.0          
173.64346998          0.0          
173.64346998          0.0          
173.64346998          0.0          
174.166482739          0.0          
174.166482739          0.0          
174.689495543          0.0          
174.689495543          0.0          
175.212508384          0.0          
175.212508384          0.0          
175.735521268          1.0          
175.735521268          0.0          
176.258534191          0.0          
176.258534191          1.0          
176.781547153          0.0          
176.781547153          0.0          
177.304560153          1.0          
177.304560153          0.0          
177.827573195          0.0          
177.827573195          1.0          
178.350586282          0.0          
178.350586282          0.0          
178.873599404          0.0          
178.873599404          0.0          
179.39661257          0.0          
179.39661257          0.0          
