#Files Included:
#scan_0037.mda
#scan_0063.mda
#scan_0067.mda
#Energy= Column: 1
#Signal= Column: 2
-70.292189505          0.0          
-70.0404504091          0.0          
-69.8062398881          1.0          
-69.5545007922          0.0          
-69.302761687          0.0          
-69.0510225724          0.0          
-68.7992834486          1.0          
-68.5475443155          2.0          
-68.2958051749          3.0          
-68.0440660249          0.0          
-67.7923268676          1.0          
-67.540587699          1.0          
-67.2888485231          0.0          
-67.0371093377          0.0          
-66.785370145          0.0          
-66.5336309429          1.0          
-66.2818917315          0.0          
-66.0301525109          0.0          
-65.7784132827          2.0          
-65.5266740452          1.0          
-65.3108975478          1.0          
-65.0591582935          0.0          
-64.8074190319          1.0          
-64.555679759          1.0          
-64.3039404787          0.0          
-64.0522011891          2.0          
-63.800461892          2.0          
-63.5487225857          0.0          
-63.2969832718          0.0          
-63.045243945          1.0          
-62.7935046125          1.0          
-62.5417652708          1.0          
-62.2900259197          1.0          
-62.0382865611          1.0          
-61.7865471933          1.0          
-61.5348078143          1.0          
-61.2830684278          2.0          
-61.0313290339          2.0          
-60.7795896325          1.0          
-60.5278502181          0.0          
-60.2761107981          1.0          
-60.0603341423          1.0          
-59.8085947074          4.0          
-59.5568552595          3.0          
-59.3051158059          1.0          
-59.0533763431          1.0          
-58.801636871          0.0          
-58.5498973876          0.0          
-58.2981578968          2.0          
-58.0464183986          0.0          
-57.7946788911          1.0          
-57.5429393761          0.0          
-57.2911998499          1.0          
-57.0394603144          0.0          
-56.7877207715          0.0          
-56.5359812193          0.0          
-56.2842416614          2.0          
-56.0325020906          3.0          
-55.7807625122          0.0          
-55.5290229246          2.0          
-55.2772833295          1.0          
-55.0615065265          2.0          
-54.8097669147          0.0          
-54.5580272954          3.0          
-54.3062876649          2.0          
-54.0545480251          1.0          
-53.8028083779          2.0          
-53.5510687232          2.0          
-53.2993290573          3.0          
-53.047589384          2.0          
-52.7958497033          5.0          
-52.5441100094          0.0          
-52.2923703101          1.0          
-52.0406306013          0.0          
-51.7888908852          5.0          
-51.5371511579          2.0          
-51.2854114231          2.0          
-51.033671679          1.0          
-50.7819319256          2.0          
-50.5301921647          2.0          
-50.2784523927          3.0          
-50.026712615          3.0          
-49.8109356537          0.0          
-49.5591958594          2.0          
-49.3074560557          0.0          
-49.0557162426          0.0          
-48.8039764203          2.0          
-48.5522365887          2.0          
-48.3004967496          0.0          
-48.0487569012          3.0          
-47.7970170453          3.0          
-47.5452771783          1.0          
-47.2935373038          3.0          
-47.04179742          1.0          
-46.7900575288          1.0          
-46.5383176263          2.0          
-46.2865777183          4.0          
-46.0348377991          1.0          
-45.7830978725          3.0          
-45.5313579366          1.0          
-45.2796179894          1.0          
-45.0278780367          2.0          
-44.7761380747          0.0          
-44.5603609569          2.0          
-44.3086209781          1.0          
-44.05688099          0.0          
-43.8051409945          1.0          
-43.5534009896          1.0          
-43.3016609754          3.0          
-43.0499209519          5.0          
-42.7981809191          3.0          
-42.5464408789          2.0          
-42.2947008312          1.0          
-42.0429607723          3.0          
-41.7912207078          0.0          
-41.5394806284          4.0          
-41.2877405453          1.0          
-41.0360004529          1.0          
-40.7842603493          0.0          
-40.5325202402          0.0          
-40.2807801198          5.0          
-40.0290399902          2.0          
-39.7772998549          2.0          
-39.5615225863          2.0          
-39.3097824343          5.0          
-39.0580422711          2.0          
-38.8063021004          1.0          
-38.5545619186          5.0          
-38.3028217312          4.0          
-38.0510815345          3.0          
-37.7993413284          1.0          
-37.5476011131          4.0          
-37.2958608884          4.0          
-37.0441206545          0.0          
-36.7923804149          2.0          
-36.5406401642          3.0          
-36.288899906          2.0          
-36.0371596385          5.0          
-35.7854193635          8.0          
-35.5336790755          0.0          
-35.2819387801          2.0          
-35.0301984791          7.0          
-34.7784581669          8.0          
-34.5267178472          4.0          
-34.3109404221          2.0          
-34.0592000838          8.0          
-33.8074597381          5.0          
-33.5557193849          6.0          
-33.3039790224          10.0          
-33.0522386506          8.0          
-32.8004982676          6.0          
-32.5487578772          4.0          
-32.2970174812          8.0          
-32.0452770721          6.0          
-31.7935366575          8.0          
-31.5417962335          3.0          
-31.2900557965          4.0          
-31.0383153558          7.0          
-30.7865749039          7.0          
-30.5348344445          7.0          
-30.2830939759          6.0          
-30.0313534979          7.0          
-29.7796130106          9.0          
-29.5278725158          9.0          
-29.2761320118          12.0          
-29.0603544302          8.0          
-28.8086139113          7.0          
-28.556873383          13.0          
-28.3051328436          17.0          
-28.0533922967          5.0          
-27.8016517404          7.0          
-27.5499111768          12.0          
-27.2981706038          6.0          
-27.0464300215          6.0          
-26.7946894299          11.0          
-26.5429488309          10.0          
-26.2912082225          12.0          
-26.0394676067          8.0          
-25.7877269778          15.0          
-25.5359863453          16.0          
-25.2842457015          9.0          
-25.0325050484          4.0          
-24.7807643879          8.0          
-24.5290237181          15.0          
-24.2772830389          18.0          
-24.0615053084          14.0          
-23.8097646143          18.0          
-23.5580239091          11.0          
-23.3062831964          13.0          
-23.0545424744          13.0          
-22.802801745          14.0          
-22.5510610063          22.0          
-22.2993202601          16.0          
-22.0475795027          23.0          
-21.7958387379          15.0          
-21.5440979619          19.0          
-21.2923571803          19.0          
-21.0406163875          26.0          
-20.7888755891          19.0          
-20.5371347796          18.0          
-20.2853939608          25.0          
-20.0336531326          21.0          
-19.781912297          27.0          
-19.530171454          23.0          
-19.2784305997          24.0          
-19.0266897399          21.0          
-18.8109118491          33.0          
-18.5591709707          24.0          
-18.3074300829          19.0          
-18.0556891877          23.0          
-17.8039482832          25.0          
-17.5522073694          31.0          
-17.3004664481          26.0          
-17.0487255137          26.0          
-16.7969845757          38.0          
-16.5452436265          37.0          
-16.2935026698          34.0          
-16.0417617038          22.0          
-15.7900207303          41.0          
-15.5382797439          38.0          
-15.2865387518          40.0          
-15.0347977504          31.0          
-14.7830567397          35.0          
-14.5313157216          33.0          
-14.2795746922          44.0          
-14.0278336555          53.0          
-13.7760926113          47.0          
-13.560314564          56.0          
-13.308573503          59.0          
-13.0568324327          57.0          
-12.805091355          71.0          
-12.5533502642          58.0          
-12.301609166          65.0          
-12.0498680621          69.0          
-11.7981269471          61.0          
-11.5463858247          80.0          
-11.2946446929          78.0          
-11.04290355          72.0          
-10.7911624014          80.0          
-10.5394212417          82.0          
-10.2876800764          80.0          
-10.0359389          83.0          
-9.78419771418          88.0          
-9.53245652094          80.0          
-9.2807153184          84.0          
-9.0289741084          79.0          
-8.77723288722          79.0          
-8.56145469099          70.0          
-8.30971345492          69.0          
-8.05797220767          78.0          
-7.80623095483          76.0          
-7.55448969267          58.0          
-7.30274842121          80.0          
-7.05100714043          62.0          
-6.79926585034          59.0          
-6.54752455279          73.0          
-6.29578324594          59.0          
-6.04404193163          63.0          
-5.79230060615          70.0          
-5.54055927321          61.0          
-5.2888179291          59.0          
-5.03707658127          59.0          
-4.7853352204          60.0          
-4.53359385207          61.0          
-4.28185247444          53.0          
-4.03011108749          60.0          
-3.77836969495          75.0          
-3.52662829123          60.0          
-3.31084993854          77.0          
-3.05910851993          47.0          
-2.80736708827          68.0          
-2.55562565103          68.0          
-2.30388420634          101.0          
-2.05214275047          117.0          
-1.80040128715          137.0          
-1.54865981266          164.0          
-1.29691833071          246.0          
-1.04517684132          353.0          
-0.79343534261          635.0          
-0.541693834588          1137.0          
-0.289952319115          1782.0          
-0.0382107943296          2254.0          
0.213530741632          2014.0          
0.465272283182          1409.0          
0.717013835907          752.0          
0.968755396083          388.0          
1.22049696557          274.0          
1.47223854251          194.0          
1.68801704608          133.0          
1.93975864165          96.0          
2.19150024466          97.0          
2.44324185513          74.0          
2.69498347677          84.0          
2.94672510773          74.0          
3.19846674614          83.0          
3.45020839199          66.0          
3.70195004903          72.0          
3.95369171351          66.0          
4.20543338545          72.0          
4.45717506856          59.0          
4.70891676098          68.0          
4.96065846086          76.0          
5.21240017004          86.0          
5.46414188668          62.0          
5.71588361263          55.0          
5.9676253479          77.0          
6.21936709434          75.0          
6.4711088445          64.0          
6.72285060585          96.0          
6.93862926774          78.0          
7.19037104398          94.0          
7.44211283326          98.0          
7.69385462627          76.0          
7.94559643045          106.0          
8.19733824395          81.0          
8.44908006676          97.0          
8.70082189515          115.0          
8.95256373659          90.0          
9.20430558547          111.0          
9.45604744181          97.0          
9.70778930746          121.0          
9.95953118056          109.0          
10.211273063          130.0          
10.4630149584          125.0          
10.7147568595          131.0          
10.966498768          139.0          
11.2182406858          105.0          
11.4699826147          104.0          
11.721724553          105.0          
11.9734664969          108.0          
12.1892453134          75.0          
12.4409872741          105.0          
12.692729244          93.0          
12.9444712214          106.0          
13.19621321          103.0          
13.4479552079          116.0          
13.6996972132          106.0          
13.951439226          61.0          
14.20318125          79.0          
14.4549232833          69.0          
14.706665324          65.0          
14.9584073722          60.0          
15.2101494297          62.0          
15.4618914966          61.0          
15.7136335745          60.0          
15.9653756581          65.0          
16.217117751          64.0          
16.4688598514          51.0          
16.720601961          55.0          
16.9723440818          65.0          
17.1881230492          57.0          
17.4398651849          52.0          
17.69160733          43.0          
17.9433494825          53.0          
18.1950916462          51.0          
18.4468338154          53.0          
18.6985759977          56.0          
18.9503181875          49.0          
19.2020603847          39.0          
19.4538025893          46.0          
19.7055448033          56.0          
19.9572870284          47.0          
20.209029261          52.0          
20.4607715029          42.0          
20.7125137541          35.0          
20.9642560128          50.0          
21.2159982808          41.0          
21.4677405544          31.0          
21.7194828428          40.0          
21.9712251369          55.0          
22.2229674384          53.0          
22.4387465641          44.0          
22.6904888824          37.0          
22.9422312118          37.0          
23.1939735487          27.0          
23.4457158949          39.0          
23.6974582486          26.0          
23.9492006116          33.0          
24.2009429839          38.0          
24.4526853636          32.0          
24.7044277564          33.0          
24.9561701529          38.0          
25.2079125606          34.0          
25.4596549757          31.0          
25.711397402          25.0          
25.9631398339          21.0          
26.2148822788          24.0          
26.4666247293          23.0          
26.7183671892          16.0          
26.9701096583          22.0          
27.2218521349          27.0          
27.4735946227          18.0          
27.6893739048          18.0          
27.9411164075          21.0          
28.1928589176          19.0          
28.4446014389          23.0          
28.6963439677          22.0          
28.9480865058          18.0          
29.1998290531          21.0          
29.451571608          22.0          
29.7033141721          18.0          
29.9550567456          24.0          
30.2067993265          30.0          
30.4585419167          24.0          
30.7102845181          17.0          
30.9620271269          12.0          
31.2137697432          24.0          
31.4655123688          22.0          
31.7172550056          15.0          
31.968997648          14.0          
32.2207402997          10.0          
32.4724829607          17.0          
32.6882623918          18.0          
32.9400050696          10.0          
33.1917477548          18.0          
33.4434904512          15.0          
33.695233155          17.0          
33.9469758663          8.0          
34.1987185888          11.0          
34.4504613187          14.0          
34.7022040598          17.0          
34.9539468065          4.0          
35.2056895625          10.0          
35.4574323259          14.0          
35.7091751006          12.0          
35.9609178863          10.0          
36.2126606777          8.0          
36.4644034766          12.0          
36.7161462866          18.0          
36.967889104          6.0          
37.2196319327          7.0          
37.4713747688          8.0          
37.7231176123          12.0          
37.9388971999          8.0          
38.1906400621          7.0          
38.4423829298          6.0          
38.6941258088          4.0          
38.945868697          10.0          
39.1976115927          8.0          
39.4493544977          7.0          
39.7010974102          15.0          
39.9528403338          11.0          
40.2045832649          8.0          
40.4563262053          11.0          
40.7080691531          6.0          
40.9598121103          10.0          
41.2115550768          10.0          
41.4632980507          8.0          
41.7150410376          7.0          
41.9667840302          5.0          
42.2185270302          6.0          
42.4702700414          8.0          
42.72201306          11.0          
42.9737560879          5.0          
43.1895358358          8.0          
43.4412788786          11.0          
43.6930219326          7.0          
43.9447649922          4.0          
44.196508063          13.0          
44.4482511431          10.0          
44.6999942325          5.0          
44.9517373294          9.0          
45.2034804355          4.0          
45.4552235492          8.0          
45.7069666721          8.0          
45.9587098043          4.0          
46.2104529459          0.0          
46.4621960949          4.0          
46.7139392551          5.0          
46.9656824209          8.0          
47.2174255978          7.0          
47.4691687822          11.0          
47.7209119778          4.0          
47.972655179          2.0          
48.1884350739          5.0          
48.4401782919          7.0          
48.6919215191          3.0          
48.9436647557          7.0          
49.1954080034          4.0          
49.4471512567          5.0          
49.6988945194          5.0          
49.9506377913          4.0          
50.2023810707          3.0          
50.4541243613          2.0          
50.7058676612          7.0          
50.9576109666          4.0          
51.2093542814          5.0          
51.4610976074          6.0          
51.7128409389          3.0          
51.9645842835          5.0          
52.2163276318          5.0          
52.4680709932          1.0          
52.7198143601          2.0          
52.9715577364          2.0          
53.2233011238          1.0          
53.4390811753          3.0          
53.6908245794          3.0          
53.9425679911          5.0          
54.1943114102          1.0          
54.4460548367          2.0          
54.6977982763          1.0          
54.9495417234          4.0          
55.2012851778          2.0          
55.4530286416          2.0          
55.7047721129          5.0          
55.9565155953          0.0          
56.2082590871          2.0          
56.4600025862          1.0          
56.7117460929          1.0          
56.9634896107          4.0          
57.2152331341          3.0          
57.4669766705          1.0          
57.7187202126          6.0          
57.9704637639          5.0          
58.2222073246          2.0          
58.4739508927          2.0          
58.6897311024          1.0          
58.9414746892          1.0          
59.1932182852          1.0          
59.4449618869          5.0          
59.6967054997          1.0          
59.9484491199          0.0          
60.2001927495          1.0          
60.4519363903          2.0          
60.7036800385          1.0          
60.9554236922          1.0          
61.2071673572          2.0          
61.4589110296          1.0          
61.7106547151          0.0          
61.9623984061          2.0          
62.2141421065          1.0          
62.4658858143          1.0          
62.7176295314          2.0          
62.9693732578          2.0          
63.2211169954          0.0          
63.4728607368          1.0          
63.6886410955          0.0          
63.9403848555          2.0          
64.1921286248          3.0          
64.4438724034          1.0          
64.6956161913          2.0          
64.9473599866          1.0          
65.1991037913          2.0          
65.4508476052          1.0          
65.7025914248          0.0          
65.9543352574          1.0          
66.2060790975          2.0          
66.457822945          0.0          
66.7095668018          3.0          
66.9613106679          2.0          
67.2130545415          1.0          
67.4647984263          2.0          
67.7165423203          2.0          
67.96828622          1.0          
68.220030129          1.0          
68.4717740472          0.0          
68.7235179748          3.0          
68.9392984919          0.0          
69.1910424363          1.0          
69.44278639          0.0          
69.6945303511          1.0          
69.9462743197          2.0          
70.1980182994          1.0          
70.4497622866          3.0          
70.701506285          0.0          
70.953250289          1.0          
71.2049943041          0.0          
71.4567383267          1.0          
71.7084823567          2.0          
71.960226398          0.0          
72.2119704485          1.0          
72.4637145065          1.0          
72.7154585738          0.0          
72.9672026485          2.0          
73.2189467326          0.0          
73.4706908278          1.0          
73.7224349286          1.0          
73.9382155947          2.0          
74.1899597123          2.0          
74.4417038411          1.0          
74.6934479754          0.0          
74.945192121          2.0          
75.1969362758          1.0          
75.4486804381          2.0          
75.7004246097          5.0          
75.9521687888          1.0          
76.2039129771          1.0          
76.4556571767          2.0          
76.7074013837          0.0          
76.9591455981          1.0          
77.2108898219          0.0          
77.4626340549          0.0          
77.7143782973          2.0          
77.9661225453          1.0          
78.2178668045          0.0          
78.4696110729          0.0          
78.7213553526          0.0          
78.9730996359          5.0          
79.1888804585          1.0          
79.4406247605          1.0          
79.6923690718          0.0          
79.9441133905          0.0          
80.1958577186          1.0          
80.447602056          0.0          
80.6993464027          0.0          
80.9510907587          1.0          
81.2028351203          1.0          
81.4545794912          1.0          
81.7063238751          1.0          
81.9580682646          0.0          
82.2098126635          0.0          
82.4615570698          2.0          
82.7133014854          0.0          
82.9650459103          0.0          
83.2167903446          0.0          
83.4685347881          1.0          
83.7202792391          1.0          
83.9720236976          0.0          
84.2237681672          0.0          
84.4395491481          0.0          
84.6912936345          1.0          
84.9430381283          1.0          
85.1947826315          1.0          
85.4465271421          1.0          
85.698271662          1.0          
85.9500161912          2.0          
86.2017607316          1.0          
86.4535052776          3.0          
86.7052498329          2.0          
86.9569943976          0.0          
87.2087389715          3.0          
87.460483551          3.0          
87.7122281455          1.0          
87.9639727436          1.0          
88.2157173529          1.0          
88.4674619697          0.0          
88.7192065939          0.0          
88.9709512293          1.0          
89.2226958741          2.0          
89.4384770039          0.0          
89.6902216636          1.0          
89.9419663325          0.0          
90.1937110089          3.0          
90.4470765013          0.0          
90.6988211237          0.0          
90.9505657516          0.0          
91.2023103908          0.0          
