#3idb_0031-LaFeSi.mda
#signal= Column: 1
0.0          
0.0          
0.0          
0.0          
0.0          
0.0          
0.0          
0.0          
0.0          
0.0          
0.0          
0.0          
0.0          
0.0          
0.0          
1.0          
0.0          
0.0          
0.0          
0.0          
0.0          
0.0          
1.0          
0.0          
0.0          
0.0          
0.0          
0.0          
0.0          
0.0          
0.0          
0.0          
0.0          
0.0          
0.0          
1.0          
1.0          
0.0          
0.0          
0.0          
1.0          
0.0          
0.0          
0.0          
0.0          
0.0          
0.0          
0.0          
0.0          
0.0          
1.0          
0.0          
0.0          
0.0          
1.0          
0.0          
0.0          
1.0          
0.0          
0.0          
0.0          
0.0          
0.0          
0.0          
0.0          
0.0          
0.0          
0.0          
0.0          
0.0          
0.0          
0.0          
0.0          
0.0          
1.0          
0.0          
0.0          
0.0          
0.0          
0.0          
0.0          
0.0          
0.0          
0.0          
0.0          
0.0          
2.0          
0.0          
0.0          
1.0          
0.0          
0.0          
0.0          
0.0          
0.0          
0.0          
0.0          
0.0          
0.0          
0.0          
0.0          
0.0          
1.0          
1.0          
0.0          
0.0          
1.0          
0.0          
0.0          
0.0          
0.0          
1.0          
1.0          
0.0          
0.0          
0.0          
0.0          
1.0          
0.0          
0.0          
1.0          
0.0          
0.0          
1.0          
0.0          
0.0          
1.0          
0.0          
0.0          
0.0          
0.0          
0.0          
0.0          
0.0          
0.0          
1.0          
0.0          
1.0          
0.0          
0.0          
0.0          
1.0          
1.0          
1.0          
0.0          
0.0          
1.0          
1.0          
0.0          
0.0          
1.0          
1.0          
1.0          
0.0          
0.0          
4.0          
0.0          
0.0          
1.0          
2.0          
0.0          
1.0          
0.0          
1.0          
1.0          
2.0          
2.0          
0.0          
1.0          
0.0          
0.0          
1.0          
2.0          
2.0          
0.0          
6.0          
2.0          
1.0          
0.0          
1.0          
2.0          
3.0          
0.0          
3.0          
0.0          
4.0          
1.0          
3.0          
2.0          
3.0          
2.0          
4.0          
1.0          
4.0          
5.0          
3.0          
0.0          
4.0          
1.0          
5.0          
1.0          
5.0          
2.0          
2.0          
2.0          
2.0          
4.0          
4.0          
5.0          
9.0          
7.0          
1.0          
6.0          
4.0          
3.0          
10.0          
5.0          
9.0          
2.0          
4.0          
5.0          
9.0          
9.0          
10.0          
7.0          
5.0          
5.0          
5.0          
5.0          
9.0          
7.0          
6.0          
8.0          
5.0          
13.0          
11.0          
10.0          
12.0          
9.0          
12.0          
10.0          
9.0          
7.0          
9.0          
8.0          
16.0          
11.0          
12.0          
8.0          
13.0          
18.0          
17.0          
15.0          
21.0          
11.0          
17.0          
20.0          
11.0          
20.0          
8.0          
7.0          
7.0          
10.0          
9.0          
15.0          
8.0          
8.0          
11.0          
13.0          
9.0          
13.0          
12.0          
9.0          
26.0          
7.0          
16.0          
7.0          
8.0          
13.0          
15.0          
6.0          
8.0          
12.0          
12.0          
9.0          
18.0          
11.0          
19.0          
10.0          
18.0          
21.0          
19.0          
19.0          
19.0          
18.0          
18.0          
22.0          
13.0          
20.0          
13.0          
8.0          
9.0          
19.0          
16.0          
30.0          
21.0          
13.0          
21.0          
17.0          
19.0          
39.0          
32.0          
43.0          
40.0          
77.0          
135.0          
224.0          
477.0          
749.0          
894.0          
943.0          
673.0          
393.0          
175.0          
110.0          
69.0          
49.0          
49.0          
34.0          
33.0          
35.0          
22.0          
24.0          
25.0          
26.0          
21.0          
19.0          
19.0          
21.0          
30.0          
21.0          
27.0          
25.0          
23.0          
20.0          
21.0          
32.0          
21.0          
15.0          
21.0          
23.0          
20.0          
22.0          
17.0          
17.0          
17.0          
12.0          
9.0          
20.0          
11.0          
14.0          
9.0          
18.0          
17.0          
16.0          
14.0          
18.0          
22.0          
28.0          
13.0          
11.0          
9.0          
10.0          
13.0          
16.0          
12.0          
17.0          
25.0          
15.0          
20.0          
18.0          
25.0          
27.0          
35.0          
31.0          
30.0          
29.0          
18.0          
27.0          
32.0          
21.0          
30.0          
29.0          
23.0          
17.0          
22.0          
22.0          
21.0          
24.0          
25.0          
17.0          
21.0          
24.0          
28.0          
30.0          
22.0          
25.0          
20.0          
20.0          
17.0          
18.0          
26.0          
26.0          
17.0          
20.0          
13.0          
19.0          
13.0          
20.0          
23.0          
17.0          
15.0          
9.0          
18.0          
17.0          
12.0          
13.0          
12.0          
14.0          
13.0          
19.0          
10.0          
24.0          
13.0          
11.0          
10.0          
7.0          
13.0          
7.0          
8.0          
7.0          
12.0          
8.0          
7.0          
10.0          
10.0          
10.0          
12.0          
5.0          
3.0          
9.0          
10.0          
5.0          
12.0          
6.0          
8.0          
7.0          
5.0          
7.0          
8.0          
8.0          
11.0          
6.0          
8.0          
5.0          
9.0          
4.0          
4.0          
1.0          
4.0          
7.0          
6.0          
2.0          
1.0          
3.0          
8.0          
4.0          
5.0          
1.0          
4.0          
2.0          
2.0          
2.0          
3.0          
0.0          
5.0          
2.0          
1.0          
2.0          
0.0          
3.0          
1.0          
3.0          
3.0          
3.0          
4.0          
2.0          
2.0          
1.0          
0.0          
2.0          
2.0          
0.0          
0.0          
1.0          
1.0          
2.0          
0.0          
2.0          
3.0          
1.0          
1.0          
0.0          
2.0          
0.0          
1.0          
1.0          
1.0          
0.0          
1.0          
0.0          
1.0          
1.0          
1.0          
1.0          
1.0          
1.0          
1.0          
1.0          
0.0          
2.0          
0.0          
1.0          
1.0          
0.0          
1.0          
1.0          
1.0          
0.0          
0.0          
1.0          
1.0          
1.0          
0.0          
0.0          
0.0          
1.0          
1.0          
0.0          
0.0          
1.0          
1.0          
1.0          
1.0          
0.0          
1.0          
0.0          
0.0          
0.0          
0.0          
1.0          
0.0          
0.0          
1.0          
0.0          
0.0          
0.0          
0.0          
0.0          
0.0          
0.0          
0.0          
0.0          
0.0          
0.0          
0.0          
0.0          
0.0          
1.0          
1.0          
1.0          
0.0          
1.0          
0.0          
1.0          
0.0          
0.0          
0.0          
0.0          
0.0          
0.0          
0.0          
1.0          
0.0          
0.0          
0.0          
0.0          
0.0          
0.0          
0.0          
0.0          
0.0          
0.0          
0.0          
1.0          
1.0          
0.0          
1.0          
0.0          
0.0          
1.0          
0.0          
0.0          
1.0          
0.0          
0.0          
0.0          
0.0          
0.0          
0.0          
1.0          
0.0          
0.0          
0.0          
1.0          
0.0          
0.0          
0.0          
1.0          
0.0          
0.0          
0.0          
0.0          
0.0          
0.0          
0.0          
0.0          
0.0          
0.0          
0.0          
0.0          
