#dattest
#Energy= Column: 1
#Signal= Column: 2
-80.876919793          0.0          
-80.6251809094          0.0          
-80.3734420147          0.0          
-80.1217031125          0.0          
-79.8699642029          0.0          
-79.6182252839          0.0          
-79.3664863557          1.0          
-79.1147474181          1.0          
-78.8630084712          0.0          
-78.6112695187          1.0          
-78.3595305551          0.0          
-78.107791584          1.0          
-77.8560526017          1.0          
-77.604313612          1.0          
-77.3525746148          0.0          
-77.1367983222          0.0          
-76.8850593083          0.0          
-76.633320285          0.0          
-76.3815812506          0.0          
-76.1298422106          2.0          
-75.8781031594          1.0          
-75.6263641026          0.0          
-75.3746250346          0.0          
-75.1228859592          0.0          
-74.8711468745          0.0          
-74.6194077805          0.0          
-74.367668679          1.0          
-74.1159295663          1.0          
-73.8641904444          0.0          
-73.6124513168          0.0          
-73.3607121781          0.0          
-73.1089730319          0.0          
-72.8572338764          0.0          
-72.6054947115          0.0          
-72.3537555374          0.0          
-72.1020163558          0.0          
-71.8862399068          0.0          
-71.6345007084          0.0          
-71.3827615026          0.0          
-71.1310222875          1.0          
-70.8792830631          1.0          
-70.6275438294          0.0          
-70.3758045882          0.0          
-70.1240653377          1.0          
-69.8723260779          1.0          
-69.6205868069          0.0          
-69.3688475303          0.0          
-69.1171082444          0.0          
-68.8653689492          1.0          
-68.6136296466          1.0          
-68.3618903346          1.0          
-68.1101510134          0.0          
-67.8584116846          0.0          
-67.6066723447          0.0          
-67.3549329955          2.0          
-67.1031936388          1.0          
-66.8514542747          0.0          
-66.6356776692          0.0          
-66.3839382865          1.0          
-66.1321988963          0.0          
-65.8804594986          0.0          
-65.6287200898          1.0          
-65.3769806735          0.0          
-65.1252412461          0.0          
-64.873501813          1.0          
-64.6217623688          1.0          
-64.3700229172          0.0          
-64.1182834562          0.0          
-63.8665439878          1.0          
-63.61480451          1.0          
-63.3630650211          1.0          
-63.1113255247          0.0          
-62.8595860209          0.0          
-62.6078465059          0.0          
-62.3561069854          0.0          
-62.1043674536          1.0          
-61.8526279144          0.0          
-61.636851158          0.0          
-61.385111602          1.0          
-61.1333720386          0.0          
-60.881632464          0.0          
-60.629892882          0.0          
-60.3781532906          0.0          
-60.1264136899          0.0          
-59.8746740799          0.0          
-59.6229344625          0.0          
-59.3711948358          0.0          
-59.1194552016          0.0          
-58.8677155562          1.0          
-58.6159759015          0.0          
-58.3642362412          2.0          
-58.1124965698          1.0          
-57.8607568908          0.0          
-57.6090172045          1.0          
-57.357277507          0.0          
-57.105537802          1.0          
-56.8537980858          0.0          
-56.6020583622          0.0          
-56.3862814512          0.0          
-56.134541709          0.0          
-55.882801963          0.0          
-55.631062204          2.0          
-55.3793224394          0.0          
-55.1275826637          0.0          
-54.8758428805          0.0          
-54.6241030898          0.0          
-54.372363288          1.0          
-54.1206234768          1.0          
-53.8688836582          0.0          
-53.6171438303          0.0          
-53.3654039931          1.0          
-53.1136641484          0.0          
-52.8619242944          1.0          
-52.6101844329          0.0          
-52.3584445622          2.0          
-52.1067046821          2.0          
-51.8549647909          1.0          
-51.6032248922          0.0          
-51.3514849879          1.0          
-51.1357079167          0.0          
-50.8839679938          0.0          
-50.6322280616          1.0          
-50.3804881219          0.0          
-50.1287481729          1.0          
-49.8770082127          1.0          
-49.625268247          1.0          
-49.3735282701          1.0          
-49.1217882857          1.0          
-48.870048292          1.0          
-48.6183082908          0.0          
-48.3665682804          2.0          
-48.1148282588          0.0          
-47.8630882315          0.0          
-47.611348195          0.0          
-47.3596081492          1.0          
-47.1078680921          0.0          
-46.8561280277          2.0          
-46.6043879557          1.0          
-46.3526478764          0.0          
-46.1009077858          3.0          
-45.8851305582          0.0          
-45.6333904509          2.0          
-45.3816503361          0.0          
-45.129910212          0.0          
-44.8781700786          1.0          
-44.6264299378          1.0          
-44.3746897876          2.0          
-44.1229496282          1.0          
-43.8712094594          0.0          
-43.6194692813          1.0          
-43.3677290976          1.0          
-43.1159889027          1.0          
-42.8642486986          0.0          
-42.612508487          1.0          
-42.360768266          1.0          
-42.1090280358          2.0          
-41.8572877981          2.0          
-41.6055475529          2.0          
-41.3538072947          4.0          
-41.102067031          4.0          
-40.8862896543          2.0          
-40.6345493719          1.0          
-40.3828090839          2.0          
-40.1310687847          3.0          
-39.8793284744          0.0          
-39.6275881603          2.0          
-39.3758478351          0.0          
-39.1241075024          1.0          
-38.8723671585          1.0          
-38.6206268072          3.0          
-38.3688864484          3.0          
-38.1171460785          0.0          
-37.8654056992          3.0          
-37.6136653125          1.0          
-37.3619249184          1.0          
-37.1101845149          1.0          
-36.8584441002          2.0          
-36.60670368          2.0          
-36.3549632467          0.0          
-36.1032228097          6.0          
-35.8514823597          2.0          
-35.6357048247          3.0          
-35.3839643598          2.0          
-35.1322238892          1.0          
-34.8804834057          3.0          
-34.6287429165          6.0          
-34.3770024162          2.0          
-34.1252619084          3.0          
-33.8735213913          0.0          
-33.6217808649          5.0          
-33.3700403292          2.0          
-33.118299786          5.0          
-32.8665592335          3.0          
-32.6148186717          5.0          
-32.3630781006          2.0          
-32.111337522          5.0          
-31.8595969342          3.0          
-31.6078563407          8.0          
-31.3561157361          6.0          
-31.1043751184          10.0          
-30.852634497          4.0          
-30.6368568148          4.0          
-30.385116173          3.0          
-30.1333755255          7.0          
-29.8816348687          4.0          
-29.6298942026          6.0          
-29.378153529          5.0          
-29.1264128461          2.0          
-28.874672154          3.0          
-28.6229314543          2.0          
-28.3711907435          9.0          
-28.1194500253          6.0          
-27.8677092977          8.0          
-27.6159685645          13.0          
-27.3642278183          7.0          
-27.1124870647          3.0          
-26.8607463017          9.0          
-26.6090055294          9.0          
-26.3572647497          6.0          
-26.1055239625          11.0          
-25.853783166          9.0          
-25.6020423584          9.0          
-25.3862645179          2.0          
-25.1345236953          8.0          
-24.8827828653          7.0          
-24.6310420241          18.0          
-24.3793011755          12.0          
-24.1275603194          16.0          
-23.8758194502          9.0          
-23.6240785755          8.0          
-23.3723376915          9.0          
-23.1205967981          14.0          
-22.8688558955          12.0          
-22.6171149835          12.0          
-22.3653740659          17.0          
-22.1136331372          14.0          
-21.861892201          14.0          
-21.6101512555          8.0          
-21.3584103025          16.0          
-21.1066693384          18.0          
-20.8549283668          13.0          
-20.6031873841          18.0          
-20.3514463939          11.0          
-20.1356683969          22.0          
-19.88392739          11.0          
-19.6321863756          18.0          
-19.3804453518          14.0          
-19.1287043188          20.0          
-18.8769632783          14.0          
-18.6252222303          20.0          
-18.3734811712          15.0          
-18.1217401028          15.0          
-17.8699990269          15.0          
-17.6182579417          15.0          
-17.3665168453          27.0          
-17.1147757433          24.0          
-16.8630346339          22.0          
-16.6112935133          31.0          
-16.3595523834          18.0          
-16.1078112461          24.0          
-15.8560700975          33.0          
-15.6043289434          15.0          
-15.3525877781          25.0          
-15.1368096303          21.0          
-14.8850684501          15.0          
-14.6333272606          18.0          
-14.3815860637          24.0          
-14.1298448555          27.0          
-13.8781036399          31.0          
-13.6263624169          27.0          
-13.3746211827          33.0          
-13.1228799392          39.0          
-12.8711386882          43.0          
-12.6193974279          41.0          
-12.3676561601          41.0          
-12.1159148831          37.0          
-11.8641735967          38.0          
-11.6124323029          60.0          
-11.3606909979          32.0          
-11.1089496873          57.0          
-10.8572083637          39.0          
-10.6054670345          55.0          
-10.3537256941          53.0          
-10.1019843463          45.0          
-9.88620604202          48.0          
-9.63446467742          28.0          
-9.38272330537          37.0          
-9.13098192401          38.0          
-8.87924053334          33.0          
-8.62749913335          53.0          
-8.37575772591          32.0          
-8.12401630916          37.0          
-7.87227488309          40.0          
-7.62053344958          36.0          
-7.36879200675          46.0          
-7.1170505546          44.0          
-6.86530909315          41.0          
-6.61356762424          38.0          
-6.36182614416          33.0          
-6.11008465849          36.0          
-5.85834316351          44.0          
-5.60660165735          26.0          
-5.35486014374          39.0          
-5.10311862268          28.0          
-4.85137709044          23.0          
-4.63559862785          25.0          
-4.38385708071          42.0          
-4.13211552612          41.0          
-3.88037396036          53.0          
-3.62863238342          36.0          
-3.37689080276          39.0          
-3.12514921091          42.0          
-2.87340761162          55.0          
-2.62166600116          58.0          
-2.36992438324          76.0          
-2.11818275973          75.0          
-1.86644112132          96.0          
-1.61469947733          103.0          
-1.36295782402          164.0          
-1.11121616326          264.0          
-0.859474493191          447.0          
-0.607732811943          869.0          
-0.355991125107          1328.0          
-0.104249427095          1717.0          
0.147492278367          1758.0          
0.36327089183          1392.0          
0.615012612194          847.0          
0.866754343733          408.0          
1.11849608272          237.0          
1.37023783103          128.0          
1.62197958864          103.0          
1.87372135557          81.0          
2.12546312809          58.0          
2.37720491178          60.0          
2.62894670479          58.0          
2.88068850711          49.0          
3.13243031688          48.0          
3.38417213596          54.0          
3.63591396436          47.0          
3.88765580021          41.0          
4.13939764537          38.0          
4.39113949984          40.0          
4.64288136363          42.0          
4.89462323301          46.0          
5.14636511356          37.0          
5.39810700342          50.0          
5.61388577335          48.0          
5.86562767811          50.0          
6.11736959219          39.0          
6.36911151372          46.0          
6.62085344642          62.0          
6.87259538844          47.0          
7.12433733791          47.0          
7.37607929669          56.0          
7.62782126479          54.0          
7.87956323847          51.0          
8.13130522333          58.0          
8.3830472175          52.0          
8.63478921913          47.0          
8.8865312282          51.0          
9.13827325031          55.0          
9.39001527987          40.0          
9.64175731689          51.0          
9.89349936321          47.0          
10.145241417          58.0          
10.3969834819          67.0          
10.6487255543          68.0          
10.8645044807          78.0          
11.1162465699          88.0          
11.3679886665          67.0          
11.6197307725          78.0          
11.8714728877          67.0          
12.1232150141          94.0          
12.3749571461          60.0          
12.6266992893          55.0          
12.8784414381          64.0          
13.1301835962          58.0          
13.3819257654          54.0          
13.633667944          53.0          
13.8854101282          53.0          
14.1371523235          43.0          
14.3888945263          52.0          
14.6406367384          26.0          
14.8923789598          35.0          
15.1441211887          35.0          
15.3958634268          41.0          
15.6476056743          42.0          
15.8633847497          45.0          
16.115127014          48.0          
16.3668692857          43.0          
16.6186115686          39.0          
16.8703538571          24.0          
17.1220961567          43.0          
17.3738384638          45.0          
17.6255807802          33.0          
17.8773231059          42.0          
18.1290654391          41.0          
18.3808077816          33.0          
18.6325501334          25.0          
18.8842924945          27.0          
19.1360348649          40.0          
19.3877772409          33.0          
19.6395196281          40.0          
19.8912620228          34.0          
20.1430044305          31.0          
20.3947468419          31.0          
20.6464892644          35.0          
20.8982316926          33.0          
21.1140109282          44.0          
21.3657533731          30.0          
21.6174958292          36.0          
21.8692382947          31.0          
22.1209807675          40.0          
22.3727232497          36.0          
22.6244657394          27.0          
22.8762082402          36.0          
23.1279507503          38.0          
23.379693266          27.0          
23.6314357929          32.0          
23.8831783272          17.0          
24.1349208709          27.0          
24.3866634239          24.0          
24.6384059843          26.0          
24.890148554          33.0          
25.141891133          24.0          
25.3936337233          23.0          
25.6453763191          19.0          
25.8971189242          25.0          
26.1488615368          27.0          
26.3646409288          20.0          
26.6163835581          21.0          
26.8681261968          20.0          
27.1198688447          25.0          
27.3716115039          21.0          
27.6233541705          34.0          
27.8750968426          20.0          
28.126839526          35.0          
28.3785822187          18.0          
28.6303249188          26.0          
28.8820676282          19.0          
29.1338103469          16.0          
29.385553075          19.0          
29.6372958105          16.0          
29.8890385553          15.0          
30.1407813095          15.0          
30.392524071          20.0          
30.6442668419          14.0          
30.8960096221          12.0          
31.1477524098          15.0          
31.3635319509          15.0          
31.6152747553          16.0          
31.867017569          16.0          
32.1187603921          9.0          
32.3705032226          7.0          
32.6222460642          16.0          
32.8739889134          13.0          
33.1257317699          13.0          
33.3774746377          13.0          
33.6292175129          12.0          
33.8809603974          13.0          
34.1327032913          13.0          
34.3844461925          11.0          
34.6361891031          7.0          
34.887932023          11.0          
35.1396749504          11.0          
35.3914178871          14.0          
35.643160833          10.0          
35.8949037883          10.0          
36.1466467511          9.0          
36.3983897232          13.0          
36.6141694207          6.0          
36.8659124114          5.0          
37.1176554076          3.0          
37.3693984132          8.0          
37.6211414281          10.0          
37.8728844505          9.0          
38.124627484          7.0          
38.376370525          3.0          
38.6281135734          6.0          
38.879856633          12.0          
39.1315997019          8.0          
39.3833427783          7.0          
39.6350858621          1.0          
39.8868289571          7.0          
40.1385720596          6.0          
40.3903151713          4.0          
40.6420582943          4.0          
40.8938014209          7.0          
41.1455445606          1.0          
41.3972877078          6.0          
41.6490308605          5.0          
41.8648107182          2.0          
42.1165538877          3.0          
42.3682970684          3.0          
42.6200402584          8.0          
42.8717834558          2.0          
43.1235266626          6.0          
43.3752698805          6.0          
43.6270131059          5.0          
43.8787563369          6.0          
44.1304995809          5.0          
44.3822428305          2.0          
44.6339860894          5.0          
44.8857293595          2.0          
45.137472637          5.0          
45.389215922          3.0          
45.6409592181          2.0          
45.8927025218          0.0          
46.1444458347          6.0          
46.3961891569          3.0          
46.6479324866          2.0          
46.8637124915          1.0          
47.1154558379          2.0          
47.3671991937          4.0          
47.6189425569          1.0          
47.8706859294          3.0          
48.1224293131          1.0          
48.3741727024          2.0          
48.625916101          4.0          
48.877659509          4.0          
49.1294029262          4.0          
49.3811463509          5.0          
49.6328897867          2.0          
49.88463323          3.0          
50.1363766827          3.0          
50.3881201427          1.0          
50.639863614          2.0          
50.8916070908          3.0          
51.143350577          1.0          
51.3950940743          2.0          
51.6468375791          1.0          
51.8985810913          2.0          
52.1143612545          1.0          
52.3661047835          0.0          
52.6178483218          4.0          
52.8695918713          0.0          
53.1213354263          1.0          
53.3730789926          1.0          
53.6248225663          0.0          
53.8765661493          2.0          
54.1283097416          2.0          
54.3800533414          1.0          
54.6317969505          0.0          
54.8835405689          0.0          
55.1352841947          1.0          
55.3870278299          2.0          
55.6387714744          1.0          
55.8905151263          1.0          
56.1422587894          0.0          
56.3940024599          0.0          
56.6457461398          2.0          
56.8974898271          1.0          
57.1132701412          0.0          
57.3650138434          1.0          
57.6167575568          2.0          
57.8685012814          1.0          
58.1202450097          2.0          
58.371988751          1.0          
58.6237324979          0.0          
58.8754762542          1.0          
59.1272200216          0.0          
59.3789637983          0.0          
59.6307075806          1.0          
59.8824513741          0.0          
60.134195175          3.0          
60.3859389834          0.0          
60.637682803          0.0          
60.88942663          2.0          
61.1411704663          1.0          
61.3929143138          0.0          
61.6446581688          0.0          
61.8964020312          0.0          
62.1481459029          0.0          
62.3639263697          1.0          
62.6156702582          1.0          
62.867414156          0.0          
63.1191580612          1.0          
63.3709019776          0.0          
63.6226459015          0.0          
63.874389831          0.0          
64.1261337735          0.0          
64.3778777216          0.0          
64.6296216808          1.0          
64.8813656457          1.0          
65.1331096236          1.0          
65.384853607          0.0          
65.6365976017          1.0          
65.8883416038          1.0          
66.1400856152          1.0          
66.3918296341          1.0          
66.6435736623          0.0          
66.8953176998          0.0          
67.1470617466          0.0          
67.3988058008          0.0          
67.6145864278          0.0          
67.8663304988          0.0          
68.1180745792          1.0          
68.3698186669          0.0          
68.6215627659          0.0          
68.8733068742          0.0          
69.125050988          1.0          
69.3767951131          0.0          
69.6285392456          0.0          
69.8802833874          0.0          
70.1320275385          0.0          
70.3837716989          1.0          
70.6355158668          0.0          
70.8872600421          0.0          
71.1390042286          2.0          
71.3907484226          1.0          
71.6424926277          0.0          
71.8942368384          2.0          
72.1459810603          0.0          
72.3977252916          0.0          
72.6135060638          2.0          
72.8652503099          0.0          
73.1169945654          0.0          
73.3687388301          1.0          
73.6204831023          0.0          
73.8722273838          0.0          
74.1239716746          0.0          
74.3757159729          1.0          
74.6274602804          0.0          
74.8792045955          0.0          
75.1309489198          4.0          
75.3826932572          0.0          
75.6344375983          0.0          
75.8861819506          0.0          
76.1379263103          1.0          
76.3896706812          2.0          
76.6414150577          0.0          
76.8931594454          0.0          
77.1449038424          1.0          
77.3966482449          2.0          
77.6483926587          1.0          
77.8641735911          0.0          
78.1159180216          0.0          
78.3676624577          1.0          
78.619406905          0.0          
78.8711513616          0.0          
79.1228958257          0.0          
79.3735459223          0.0          
79.6254147366          0.0          
79.8772835601          0.0          
80.1291523948          0.0          
