#scan_0062.mda
#xtal1A= Column: 1
#xtal2A= Column: 2
#xtal1T= Column: 3
#signal= Column: 4
-13314.6470897          -14395.0016807          300.902679443          0.0          
-13314.6470897          -14395.0865207          300.902679443          0.0          
-13314.6470897          -14395.1713607          300.902740479          0.0          
-13314.6470897          -14395.2562007          300.902740479          0.0          
-13314.6470897          -14395.3410407          300.902740479          0.0          
-13314.6470897          -14395.4258807          300.902893066          1.0          
-13314.6470897          -14395.5107207          300.902893066          0.0          
-13314.6470897          -14395.5955607          300.902893066          0.0          
-13314.6470897          -14395.6804007          300.902679443          0.0          
-13314.6470897          -14395.7652407          300.902679443          0.0          
-13314.6470897          -14395.8500807          300.902954102          0.0          
-13314.6470897          -14395.9349207          300.902954102          0.0          
-13314.6470897          -14396.0197607          300.902954102          0.0          
-13314.6470897          -14396.1046007          300.902770996          2.0          
-13314.6470897          -14396.1894407          300.902770996          0.0          
-13314.6470897          -14396.2742807          300.902770996          0.0          
-13314.6470897          -14396.3591207          300.902893066          0.0          
-13314.6470897          -14396.4439607          300.902893066          0.0          
-13314.6470897          -14396.5166807          300.902893066          0.0          
-13314.6470897          -14396.6015207          300.902893066          0.0          
-13314.6470897          -14396.6863607          300.902893066          0.0          
-13314.6470897          -14396.7712007          300.902893066          0.0          
-13314.6470897          -14396.8560407          300.902709961          0.0          
-13314.6470897          -14396.9408807          300.902709961          0.0          
-13314.6470897          -14397.0257207          300.902709961          0.0          
-13314.6470897          -14397.1105607          300.902893066          0.0          
-13314.6470897          -14397.1954007          300.902893066          0.0          
-13314.6470897          -14397.2802407          300.902862549          0.0          
-13314.6470897          -14397.3650807          300.902862549          0.0          
-13314.6470897          -14397.4499207          300.902862549          0.0          
-13314.6470897          -14397.5347607          300.902801514          0.0          
-13314.6470897          -14397.6196007          300.902801514          1.0          
-13314.6470897          -14397.7044407          300.902801514          0.0          
-13314.6470897          -14397.7892807          300.902984619          0.0          
-13314.6470897          -14397.8741207          300.902984619          1.0          
-13314.6470897          -14397.9589607          300.902984619          0.0          
-13314.6470897          -14398.0438007          300.902893066          0.0          
-13314.6470897          -14398.1286407          300.902893066          0.0          
-13314.6470897          -14398.2134807          300.902893066          0.0          
-13314.6470897          -14398.2862007          300.902893066          0.0          
-13314.6470897          -14398.3710407          300.902893066          0.0          
-13314.6470897          -14398.4558807          300.902893066          0.0          
-13314.6470897          -14398.5407207          300.902984619          1.0          
-13314.6470897          -14398.6255607          300.902984619          0.0          
-13314.6470897          -14398.7104007          300.902740479          1.0          
-13314.6470897          -14398.7952407          300.902740479          0.0          
-13314.6470897          -14398.8800807          300.902740479          0.0          
-13314.6470897          -14398.9649207          300.902893066          0.0          
-13314.6470897          -14399.0497607          300.902893066          1.0          
-13314.6470897          -14399.1346007          300.902893066          0.0          
-13314.6470897          -14399.2194407          300.903045654          0.0          
-13314.6470897          -14399.3042807          300.903045654          0.0          
-13314.6470897          -14399.3891207          300.903045654          1.0          
-13314.6470897          -14399.4739607          300.902923584          0.0          
-13314.6470897          -14399.5588007          300.902923584          1.0          
-13314.6470897          -14399.6436407          300.902923584          0.0          
-13314.6470897          -14399.7284807          300.902740479          0.0          
-13314.6470897          -14399.8133207          300.902740479          1.0          
-13314.6470897          -14399.8981607          300.902740479          0.0          
-13314.6470897          -14399.9708807          300.902984619          0.0          
-13314.6470897          -14400.0557207          300.902984619          0.0          
-13314.6470897          -14400.1405607          300.902923584          0.0          
-13314.6470897          -14400.2254007          300.902923584          1.0          
-13314.6470897          -14400.3102407          300.902923584          1.0          
-13314.6470897          -14400.3950807          300.903045654          1.0          
-13314.6470897          -14400.4799207          300.903045654          0.0          
-13314.6470897          -14400.5647607          300.903045654          0.0          
-13314.6470897          -14400.6496007          300.902923584          0.0          
-13314.6470897          -14400.7344407          300.902923584          0.0          
-13314.6470897          -14400.8192807          300.902923584          0.0          
-13314.6470897          -14400.9041207          300.902832031          1.0          
-13314.6470897          -14400.9889607          300.902832031          0.0          
-13314.6470897          -14401.0738007          300.902832031          0.0          
-13314.6470897          -14401.1586407          300.903015137          1.0          
-13314.6470897          -14401.2434807          300.903015137          0.0          
-13314.6470897          -14401.3283207          300.903015137          0.0          
-13314.6470897          -14401.4131607          300.902893066          0.0          
-13314.6470897          -14401.4980007          300.902893066          1.0          
-13314.6470897          -14401.5828407          300.902893066          0.0          
-13314.6470897          -14401.6676807          300.902923584          0.0          
-13314.6470897          -14401.7404007          300.902923584          1.0          
-13314.6470897          -14401.8252407          300.903076172          0.0          
-13314.6470897          -14401.9100807          300.903076172          0.0          
-13314.6470897          -14401.9949207          300.903076172          0.0          
-13314.6470897          -14402.0797607          300.902984619          1.0          
-13314.6470897          -14402.1646007          300.902984619          0.0          
-13314.6470897          -14402.2494407          300.902984619          0.0          
-13314.6470897          -14402.3342807          300.903076172          1.0          
-13314.6470897          -14402.4191207          300.903076172          0.0          
-13314.6470897          -14402.5039607          300.903076172          4.0          
-13314.6470897          -14402.5888007          300.903015137          0.0          
-13314.6470897          -14402.6736407          300.903015137          0.0          
-13314.6470897          -14402.7584807          300.903015137          1.0          
-13314.6470897          -14402.8433207          300.903076172          0.0          
-13314.6470897          -14402.9281607          300.903076172          0.0          
-13314.6470897          -14403.0130007          300.903076172          0.0          
-13314.6470897          -14403.0978407          300.903106689          0.0          
-13314.6470897          -14403.1826807          300.903106689          3.0          
-13314.6470897          -14403.2675207          300.903045654          0.0          
-13314.6470897          -14403.3523607          300.903045654          0.0          
-13314.6470897          -14403.4372007          300.903045654          0.0          
-13314.6470897          -14403.5099207          300.903259277          0.0          
-13314.6470897          -14403.5947607          300.903259277          0.0          
-13314.6470897          -14403.6796007          300.903259277          0.0          
-13314.6470897          -14403.7644407          300.903015137          1.0          
-13314.6470897          -14403.8492807          300.903015137          1.0          
-13314.6470897          -14403.9341207          300.903015137          1.0          
-13314.6470897          -14404.0189607          300.903198242          0.0          
-13314.6470897          -14404.1038007          300.903198242          1.0          
-13314.6470897          -14404.1886407          300.903198242          0.0          
-13314.6470897          -14404.2734807          300.903015137          1.0          
-13314.6470897          -14404.3583207          300.903015137          1.0          
-13314.6470897          -14404.4431607          300.903015137          0.0          
-13314.6470897          -14404.5280007          300.903015137          0.0          
-13314.6470897          -14404.6128407          300.903015137          1.0          
-13314.6470897          -14404.6976807          300.903106689          0.0          
-13314.6470897          -14404.7825207          300.903106689          1.0          
-13314.6470897          -14404.8673607          300.903106689          0.0          
-13314.6470897          -14404.9522007          300.903137207          0.0          
-13314.6470897          -14405.0370407          300.903137207          0.0          
-13314.6470897          -14405.1218807          300.903137207          2.0          
-13314.6470897          -14405.1946007          300.903137207          0.0          
-13314.6470897          -14405.2794407          300.903137207          0.0          
-13314.6470897          -14405.3642807          300.903137207          0.0          
-13314.6470897          -14405.4491207          300.90322876          0.0          
-13314.6470897          -14405.5339607          300.90322876          0.0          
-13314.6470897          -14405.6188007          300.90322876          1.0          
-13314.6470897          -14405.7036407          300.903259277          0.0          
-13314.6470897          -14405.7884807          300.903259277          0.0          
-13314.6470897          -14405.8733207          300.903259277          0.0          
-13314.6470897          -14405.9581607          300.903106689          1.0          
-13314.6470897          -14406.0430007          300.903106689          0.0          
-13314.6470897          -14406.1278407          300.903198242          1.0          
-13314.6470897          -14406.2126807          300.903198242          0.0          
-13314.6470897          -14406.2975207          300.903198242          2.0          
-13314.6470897          -14406.3823607          300.9034729          3.0          
-13314.6470897          -14406.4672007          300.9034729          1.0          
-13314.6470897          -14406.5520407          300.9034729          1.0          
-13314.6470897          -14406.6368807          300.90322876          0.0          
-13314.6470897          -14406.7217207          300.90322876          1.0          
-13314.6470897          -14406.8065607          300.90322876          1.0          
-13314.6470897          -14406.8914007          300.903442383          0.0          
-13314.6470897          -14406.9641207          300.903442383          0.0          
-13314.6470897          -14407.0489607          300.903442383          2.0          
-13314.6470897          -14407.1338007          300.9034729          1.0          
-13314.6470897          -14407.2186407          300.9034729          1.0          
-13314.6470897          -14407.3034807          300.9034729          3.0          
-13314.6470897          -14407.3883207          300.903442383          2.0          
-13314.6470897          -14407.4731607          300.903442383          0.0          
-13314.6470897          -14407.5580007          300.903442383          2.0          
-13314.6470897          -14407.6428407          300.903533936          3.0          
-13314.6470897          -14407.7276807          300.903533936          1.0          
-13314.6470897          -14407.8125207          300.903381348          2.0          
-13314.6470897          -14407.8973607          300.903381348          3.0          
-13314.6470897          -14407.9822007          300.903381348          2.0          
-13314.6470897          -14408.0670407          300.903411865          0.0          
-13314.6470897          -14408.1518807          300.903411865          5.0          
-13314.6470897          -14408.2367207          300.903411865          1.0          
-13314.6470897          -14408.3215607          300.903259277          1.0          
-13314.6470897          -14408.4064007          300.903259277          2.0          
-13314.6470897          -14408.4912407          300.903259277          2.0          
-13314.6470897          -14408.5760807          300.903503418          1.0          
-13314.6470897          -14408.6609207          300.903503418          0.0          
-13314.6470897          -14408.7336407          300.903503418          1.0          
-13314.6470897          -14408.8184807          300.903289795          1.0          
-13314.6470897          -14408.9033207          300.903289795          4.0          
-13314.6470897          -14408.9881607          300.903289795          3.0          
-13314.6470897          -14409.0730007          300.903503418          2.0          
-13314.6470897          -14409.1578407          300.903503418          3.0          
-13314.6470897          -14409.2426807          300.903625488          4.0          
-13314.6470897          -14409.3275207          300.903625488          0.0          
-13314.6470897          -14409.4123607          300.903625488          4.0          
-13314.6470897          -14409.4972007          300.903259277          4.0          
-13314.6470897          -14409.5820407          300.903259277          1.0          
-13314.6470897          -14409.6668807          300.903259277          6.0          
-13314.6470897          -14409.7517207          300.903442383          2.0          
-13314.6470897          -14409.8365607          300.903442383          2.0          
-13314.6470897          -14409.9214007          300.903442383          4.0          
-13314.6470897          -14410.0062407          300.903564453          5.0          
-13314.6470897          -14410.0910807          300.903564453          2.0          
-13314.6470897          -14410.1759207          300.903564453          3.0          
-13314.6470897          -14410.2607607          300.903747559          5.0          
-13314.6470897          -14410.3456007          300.903747559          3.0          
-13314.6470897          -14410.4183207          300.903747559          5.0          
-13314.6470897          -14410.5031607          300.903442383          6.0          
-13314.6470897          -14410.5880007          300.903442383          5.0          
-13314.6470897          -14410.6728407          300.903381348          5.0          
-13314.6470897          -14410.7576807          300.903381348          6.0          
-13314.6470897          -14410.8425207          300.903381348          8.0          
-13314.6470897          -14410.9273607          300.903533936          4.0          
-13314.6470897          -14411.0122007          300.903533936          3.0          
-13314.6470897          -14411.0970407          300.903533936          4.0          
-13314.6470897          -14411.1818807          300.903411865          6.0          
-13314.6470897          -14411.2667207          300.903411865          4.0          
-13314.6470897          -14411.3515607          300.903411865          10.0          
-13314.6470897          -14411.4364007          300.9034729          8.0          
-13314.6470897          -14411.5212407          300.9034729          11.0          
-13314.6470897          -14411.6060807          300.9034729          11.0          
-13314.6470897          -14411.6909207          300.903503418          6.0          
-13314.6470897          -14411.7757607          300.903503418          8.0          
-13314.6470897          -14411.8606007          300.903503418          7.0          
-13314.6470897          -14411.9454407          300.903656006          6.0          
-13314.6470897          -14412.0302807          300.903656006          10.0          
-13314.6470897          -14412.1151207          300.90335083          10.0          
-13314.6470897          -14412.1878407          300.90335083          9.0          
-13314.6470897          -14412.2726807          300.90335083          9.0          
-13314.6470897          -14412.3575207          300.903442383          6.0          
-13314.6470897          -14412.4423607          300.903442383          13.0          
-13314.6470897          -14412.5272007          300.903442383          18.0          
-13314.6470897          -14412.6120407          300.903533936          8.0          
-13314.6470897          -14412.6968807          300.903533936          12.0          
-13314.6470897          -14412.7817207          300.903533936          11.0          
-13314.6470897          -14412.8665607          300.903533936          5.0          
-13314.6470897          -14412.9514007          300.903533936          5.0          
-13314.6470897          -14413.0362407          300.903533936          17.0          
-13314.6470897          -14413.1210807          300.903747559          15.0          
-13314.6470897          -14413.2059207          300.903747559          11.0          
-13314.6470897          -14413.2907607          300.903747559          8.0          
-13314.6470897          -14413.3756007          300.903594971          15.0          
-13314.6470897          -14413.4604407          300.903594971          16.0          
-13314.6470897          -14413.5452807          300.903594971          14.0          
-13314.6470897          -14413.6301207          300.903625488          18.0          
-13314.6470897          -14413.7149607          300.903625488          13.0          
-13314.6470897          -14413.7998007          300.903564453          16.0          
-13314.6470897          -14413.8846407          300.903564453          16.0          
-13314.6470897          -14413.9573607          300.903564453          13.0          
-13314.6470897          -14414.0422007          300.903686523          19.0          
-13314.6470897          -14414.1270407          300.903686523          14.0          
-13314.6470897          -14414.2118807          300.903686523          21.0          
-13314.6470897          -14414.2967207          300.903961182          17.0          
-13314.6470897          -14414.3815607          300.903961182          15.0          
-13314.6470897          -14414.4664007          300.903961182          20.0          
-13314.6470897          -14414.5512407          300.903686523          28.0          
-13314.6470897          -14414.6360807          300.903686523          18.0          
-13314.6470897          -14414.7209207          300.903686523          15.0          
-13314.6470897          -14414.8057607          300.903533936          18.0          
-13314.6470897          -14414.8906007          300.903533936          14.0          
-13314.6470897          -14414.9754407          300.903533936          18.0          
-13314.6470897          -14415.0602807          300.903625488          21.0          
-13314.6470897          -14415.1451207          300.903625488          29.0          
-13314.6470897          -14415.2299607          300.903656006          31.0          
-13314.6470897          -14415.3148007          300.903656006          19.0          
-13314.6470897          -14415.3996407          300.903656006          18.0          
-13314.6470897          -14415.4844807          300.903625488          17.0          
-13314.6470897          -14415.5693207          300.903625488          21.0          
-13314.6470897          -14415.6420407          300.903625488          20.0          
-13314.6470897          -14415.7268807          300.903533936          16.0          
-13314.6470897          -14415.8117207          300.903533936          19.0          
-13314.6470897          -14415.8965607          300.903533936          27.0          
-13314.6470897          -14415.9814007          300.903625488          16.0          
-13314.6470897          -14416.0662407          300.903625488          14.0          
-13314.6470897          -14416.1510807          300.903625488          18.0          
-13314.6470897          -14416.2359207          300.903686523          23.0          
-13314.6470897          -14416.3207607          300.903686523          21.0          
-13314.6470897          -14416.4056007          300.903686523          24.0          
-13314.6470897          -14416.4904407          300.903778076          18.0          
-13314.6470897          -14416.5752807          300.903778076          14.0          
-13314.6470897          -14416.6601207          300.903808594          18.0          
-13314.6470897          -14416.7449607          300.903808594          20.0          
-13314.6470897          -14416.8298007          300.903808594          16.0          
-13314.6470897          -14416.9146407          300.903747559          25.0          
-13314.6470897          -14416.9994807          300.903747559          17.0          
-13314.6470897          -14417.0843207          300.903747559          18.0          
-13314.6470897          -14417.1691607          300.903717041          22.0          
-13314.6470897          -14417.2540007          300.903717041          18.0          
-13314.6470897          -14417.3388407          300.903717041          18.0          
-13314.6470897          -14417.4115607          300.903778076          26.0          
-13314.6470897          -14417.4964007          300.903778076          28.0          
-13314.6470897          -14417.5812407          300.903778076          34.0          
-13314.6470897          -14417.6660807          300.903717041          38.0          
-13314.6470897          -14417.7509207          300.903717041          27.0          
-13314.6470897          -14417.8357607          300.903717041          48.0          
-13314.6470897          -14417.9206007          300.903533936          57.0          
-13314.6470897          -14418.0054407          300.903533936          72.0          
-13314.6470897          -14418.0902807          300.903778076          97.0          
-13314.6470897          -14418.1751207          300.903778076          165.0          
-13314.6470897          -14418.2599607          300.903778076          306.0          
-13314.6470897          -14418.3448007          300.903839111          470.0          
-13314.6470897          -14418.4296407          300.903839111          609.0          
-13314.6470897          -14418.5144807          300.903839111          585.0          
-13314.6470897          -14418.5993207          300.903778076          394.0          
-13314.6470897          -14418.6841607          300.903778076          224.0          
-13314.6470897          -14418.7690007          300.903778076          105.0          
-13314.6470897          -14418.8538407          300.903717041          71.0          
-13314.6470897          -14418.9386807          300.903717041          48.0          
-13314.6470897          -14419.0235207          300.903717041          25.0          
-13314.6470897          -14419.0962407          300.903656006          31.0          
-13314.6470897          -14419.1810807          300.903656006          28.0          
-13314.6470897          -14419.2659207          300.903656006          26.0          
-13314.6470897          -14419.3507607          300.903869629          22.0          
-13314.6470897          -14419.4356007          300.903869629          26.0          
-13314.6470897          -14419.5204407          300.903686523          24.0          
-13314.6470897          -14419.6052807          300.903686523          19.0          
-13314.6470897          -14419.6901207          300.903686523          21.0          
-13314.6470897          -14419.7749607          300.903717041          19.0          
-13314.6470897          -14419.8598007          300.903717041          24.0          
-13314.6470897          -14419.9446407          300.903717041          21.0          
-13314.6470897          -14420.0294807          300.903747559          30.0          
-13314.6470897          -14420.1143207          300.903747559          29.0          
-13314.6470897          -14420.1991607          300.903747559          36.0          
-13314.6470897          -14420.2840007          300.903747559          32.0          
-13314.6470897          -14420.3688407          300.903747559          19.0          
-13314.6470897          -14420.4536807          300.903747559          23.0          
-13314.6470897          -14420.5385207          300.903778076          20.0          
-13314.6470897          -14420.6233607          300.903778076          18.0          
-13314.6470897          -14420.7082007          300.903778076          25.0          
-13314.6470897          -14420.7930407          300.903930664          26.0          
-13314.6470897          -14420.8657607          300.903930664          31.0          
-13314.6470897          -14420.9506007          300.903930664          24.0          
-13314.6470897          -14421.0354407          300.903930664          24.0          
-13314.6470897          -14421.1202807          300.903930664          18.0          
-13314.6470897          -14421.2051207          300.903747559          29.0          
-13314.6470897          -14421.2899607          300.903747559          38.0          
-13314.6470897          -14421.3748007          300.903747559          40.0          
-13314.6470897          -14421.4596407          300.903869629          32.0          
-13314.6470897          -14421.5444807          300.903869629          31.0          
-13314.6470897          -14421.6293207          300.903869629          43.0          
-13314.6470897          -14421.7141607          300.903961182          36.0          
-13314.6470897          -14421.7990007          300.903961182          30.0          
-13314.6470897          -14421.8838407          300.903961182          27.0          
-13314.6470897          -14421.9686807          300.903778076          38.0          
-13314.6470897          -14422.0535207          300.903778076          31.0          
-13314.6470897          -14422.1383607          300.903778076          21.0          
-13314.6470897          -14422.2232007          300.903594971          36.0          
-13314.6470897          -14422.3080407          300.903594971          24.0          
-13314.6470897          -14422.3928807          300.903594971          18.0          
-13314.6470897          -14422.4777207          300.903717041          21.0          
-13314.6470897          -14422.5625607          300.903717041          21.0          
-13314.6470897          -14422.6352807          300.903686523          22.0          
-13314.6470897          -14422.7201207          300.903686523          27.0          
-13314.6470897          -14422.8049607          300.903686523          28.0          
-13314.6470897          -14422.8898007          300.903930664          26.0          
-13314.6470897          -14422.9746407          300.903930664          24.0          
-13314.6470897          -14423.0594807          300.903930664          27.0          
-13314.6470897          -14423.1443207          300.903778076          25.0          
-13314.6470897          -14423.2291607          300.903778076          21.0          
-13314.6470897          -14423.3140007          300.903778076          17.0          
-13314.6470897          -14423.3988407          300.903961182          22.0          
-13314.6470897          -14423.4836807          300.903961182          22.0          
-13314.6470897          -14423.5685207          300.903961182          24.0          
-13314.6470897          -14423.6533607          300.903900146          26.0          
-13314.6470897          -14423.7382007          300.903900146          19.0          
-13314.6470897          -14423.8230407          300.903900146          17.0          
-13314.6470897          -14423.9078807          300.904022217          26.0          
-13314.6470897          -14423.9927207          300.904022217          26.0          
-13314.6470897          -14424.0775607          300.904083252          25.0          
-13314.6470897          -14424.1624007          300.904083252          27.0          
-13314.6470897          -14424.2472407          300.904083252          15.0          
-13314.6470897          -14424.3199607          300.903808594          19.0          
-13314.6470897          -14424.4048007          300.903808594          17.0          
-13314.6470897          -14424.4896407          300.903808594          18.0          
-13314.6470897          -14424.5744807          300.903900146          22.0          
-13314.6470897          -14424.6593207          300.903900146          20.0          
-13314.6470897          -14424.7441607          300.903900146          14.0          
-13314.6470897          -14424.8290007          300.903961182          20.0          
-13314.6470897          -14424.9138407          300.903961182          21.0          
-13314.6470897          -14424.9986807          300.903961182          15.0          
-13314.6470897          -14425.0835207          300.904022217          21.0          
-13314.6470897          -14425.1683607          300.904022217          21.0          
-13314.6470897          -14425.2532007          300.904022217          11.0          
-13314.6470897          -14425.3380407          300.904144287          16.0          
-13314.6470897          -14425.4228807          300.904144287          12.0          
-13314.6470897          -14425.5077207          300.903900146          14.0          
-13314.6470897          -14425.5925607          300.903900146          20.0          
-13314.6470897          -14425.6774007          300.903900146          10.0          
-13314.6470897          -14425.7622407          300.903961182          13.0          
-13314.6470897          -14425.8470807          300.903961182          12.0          
-13314.6470897          -14425.9319207          300.903961182          21.0          
-13314.6470897          -14426.0167607          300.903564453          11.0          
-13314.6470897          -14426.0894807          300.903564453          10.0          
-13314.6470897          -14426.1743207          300.903564453          11.0          
-13314.6470897          -14426.2591607          300.903961182          10.0          
-13314.6470897          -14426.3440007          300.903961182          17.0          
-13314.6470897          -14426.4288407          300.903961182          11.0          
-13314.6470897          -14426.5136807          300.903991699          17.0          
-13314.6470897          -14426.5985207          300.903991699          6.0          
-13314.6470897          -14426.6833607          300.903991699          9.0          
-13314.6470897          -14426.7682007          300.903839111          11.0          
-13314.6470897          -14426.8530407          300.903839111          8.0          
-13314.6470897          -14426.9378807          300.903961182          7.0          
-13314.6470897          -14427.0227207          300.903961182          8.0          
-13314.6470897          -14427.1075607          300.903961182          7.0          
-13314.6470897          -14427.1924007          300.903839111          7.0          
-13314.6470897          -14427.2772407          300.903839111          5.0          
-13314.6470897          -14427.3620807          300.903839111          6.0          
-13314.6470897          -14427.4469207          300.903930664          4.0          
-13314.6470897          -14427.5317607          300.903930664          8.0          
-13314.6470897          -14427.6166007          300.903930664          9.0          
-13314.6470897          -14427.7014407          300.903961182          4.0          
-13314.6470897          -14427.7862807          300.903961182          5.0          
-13314.6470897          -14427.8590007          300.903961182          3.0          
-13314.6470897          -14427.9438407          300.90411377          6.0          
-13314.6470897          -14428.0286807          300.90411377          5.0          
-13314.6470897          -14428.1135207          300.90411377          5.0          
-13314.6470897          -14428.1983607          300.903839111          5.0          
-13314.6470897          -14428.2832007          300.903839111          5.0          
-13314.6470897          -14428.3680407          300.903839111          3.0          
-13314.6470897          -14428.4528807          300.903839111          8.0          
-13314.6470897          -14428.5377207          300.903839111          8.0          
-13314.6470897          -14428.6225607          300.903991699          10.0          
-13314.6470897          -14428.7074007          300.903991699          7.0          
-13314.6470897          -14428.7922407          300.903991699          4.0          
-13314.6470897          -14428.8770807          300.903991699          5.0          
-13314.6470897          -14428.9619207          300.903991699          6.0          
-13314.6470897          -14429.0467607          300.903991699          1.0          
-13314.6470897          -14429.1316007          300.903961182          0.0          
-13314.6470897          -14429.2164407          300.903961182          4.0          
-13314.6470897          -14429.3012807          300.903961182          5.0          
-13314.6470897          -14429.3861207          300.904022217          2.0          
-13314.6470897          -14429.4709607          300.904022217          3.0          
-13314.6470897          -14429.5436807          300.904022217          3.0          
-13314.6470897          -14429.6285207          300.903869629          10.0          
-13314.6470897          -14429.7133607          300.903869629          3.0          
-13314.6470897          -14429.7982007          300.903869629          7.0          
-13314.6470897          -14429.8830407          300.903930664          4.0          
-13314.6470897          -14429.9678807          300.903930664          5.0          
-13314.6470897          -14430.0527207          300.904144287          3.0          
-13314.6470897          -14430.1375607          300.904144287          2.0          
-13314.6470897          -14430.2224007          300.904144287          2.0          
-13314.6470897          -14430.3072407          300.903930664          1.0          
-13314.6470897          -14430.3920807          300.903930664          3.0          
-13314.6470897          -14430.4769207          300.903930664          2.0          
-13314.6470897          -14430.5617607          300.903991699          3.0          
-13314.6470897          -14430.6466007          300.903991699          3.0          
-13314.6470897          -14430.7314407          300.903991699          4.0          
-13314.6470897          -14430.8162807          300.903930664          5.0          
-13314.6470897          -14430.9011207          300.903930664          2.0          
-13314.6470897          -14430.9859607          300.903930664          6.0          
-13314.6470897          -14431.0708007          300.903991699          4.0          
-13314.6470897          -14431.1556407          300.903991699          1.0          
-13314.6470897          -14431.2404807          300.903991699          5.0          
-13314.6470897          -14431.3132007          300.904052734          2.0          
-13314.6470897          -14431.3980407          300.904052734          3.0          
-13314.6470897          -14431.4828807          300.903930664          1.0          
-13314.6470897          -14431.5677207          300.903930664          4.0          
-13314.6470897          -14431.6525607          300.903930664          2.0          
-13314.6470897          -14431.7374007          300.903869629          3.0          
-13314.6470897          -14431.8222407          300.903869629          2.0          
-13314.6470897          -14431.9070807          300.903869629          2.0          
-13314.6470897          -14431.9919207          300.904083252          7.0          
-13314.6470897          -14432.0767607          300.904083252          1.0          
-13314.6470897          -14432.1616007          300.904083252          3.0          
-13314.6470897          -14432.2464407          300.903961182          3.0          
-13314.6470897          -14432.3312807          300.903961182          2.0          
-13314.6470897          -14432.4161207          300.903961182          2.0          
-13314.6470897          -14432.5009607          300.904083252          3.0          
-13314.6470897          -14432.5858007          300.904083252          1.0          
-13314.6470897          -14432.6706407          300.904083252          0.0          
-13314.6470897          -14432.7554807          300.904144287          2.0          
-13314.6470897          -14432.8403207          300.904144287          2.0          
-13314.6470897          -14432.9251607          300.903961182          4.0          
-13314.6470897          -14433.0100007          300.903961182          1.0          
-13314.6470897          -14433.0827207          300.903961182          6.0          
-13314.6470897          -14433.1675607          300.904144287          2.0          
-13314.6470897          -14433.2524007          300.904144287          3.0          
-13314.6470897          -14433.3372407          300.904144287          2.0          
-13314.6470897          -14433.4220807          300.90411377          1.0          
-13314.6470897          -14433.5069207          300.90411377          4.0          
-13314.6470897          -14433.5917607          300.90411377          2.0          
-13314.6470897          -14433.6766007          300.904083252          4.0          
-13314.6470897          -14433.7614407          300.904083252          2.0          
-13314.6470897          -14433.8462807          300.904083252          4.0          
-13314.6470897          -14433.9311207          300.90411377          1.0          
-13314.6470897          -14434.0159607          300.90411377          4.0          
-13314.6470897          -14434.1008007          300.90411377          1.0          
-13314.6470897          -14434.1856407          300.903900146          3.0          
-13314.6470897          -14434.2704807          300.903900146          3.0          
-13314.6470897          -14434.3553207          300.903900146          3.0          
-13314.6470897          -14434.4401607          300.904083252          1.0          
-13314.6470897          -14434.5250007          300.904083252          1.0          
-13314.6470897          -14434.6098407          300.904174805          0.0          
-13314.6470897          -14434.6946807          300.904174805          3.0          
-13314.6470897          -14434.7674007          300.904174805          1.0          
-13314.6470897          -14434.8522407          300.903961182          4.0          
-13314.6470897          -14434.9370807          300.903961182          1.0          
-13314.6470897          -14435.0219207          300.903961182          3.0          
-13314.6470897          -14435.1067607          300.904052734          2.0          
-13314.6470897          -14435.1916007          300.904052734          0.0          
-13314.6470897          -14435.2764407          300.904052734          3.0          
-13314.6470897          -14435.3612807          300.904144287          2.0          
-13314.6470897          -14435.4461207          300.904144287          1.0          
-13314.6470897          -14435.5309607          300.904144287          4.0          
-13314.6470897          -14435.6158007          300.904296875          1.0          
-13314.6470897          -14435.7006407          300.904296875          1.0          
-13314.6470897          -14435.7854807          300.904296875          0.0          
-13314.6470897          -14435.8703207          300.904144287          0.0          
-13314.6470897          -14435.9551607          300.904144287          0.0          
-13314.6470897          -14436.0400007          300.90423584          0.0          
-13314.6470897          -14436.1248407          300.90423584          0.0          
-13314.6470897          -14436.2096807          300.90423584          0.0          
-13314.6470897          -14436.2945207          300.90435791          1.0          
-13314.6470897          -14436.3793607          300.90435791          0.0          
-13314.6470897          -14436.4642007          300.90435791          0.0          
-13314.6470897          -14436.5369207          300.90411377          3.0          
-13314.6470897          -14436.6217607          300.90411377          2.0          
-13314.6470897          -14436.7066007          300.90411377          1.0          
-13314.6470897          -14436.7914407          300.904174805          1.0          
-13314.6470897          -14436.8762807          300.904174805          1.0          
-13314.6470897          -14436.9611207          300.904174805          0.0          
-13314.6470897          -14437.0459607          300.904083252          0.0          
-13314.6470897          -14437.1308007          300.904083252          0.0          
-13314.6470897          -14437.2156407          300.904083252          1.0          
-13314.6470897          -14437.3004807          300.904022217          0.0          
-13314.6470897          -14437.3853207          300.904022217          0.0          
-13314.6470897          -14437.4701607          300.904266357          0.0          
-13314.6470897          -14437.5550007          300.904266357          0.0          
-13314.6470897          -14437.6398407          300.904266357          0.0          
-13314.6470897          -14437.7246807          300.90423584          1.0          
-13314.6470897          -14437.8095207          300.90423584          0.0          
-13314.6470897          -14437.8943607          300.90423584          1.0          
-13314.6470897          -14437.9792007          300.904296875          2.0          
-13314.6470897          -14438.0640407          300.904296875          0.0          
-13314.6470897          -14438.1488807          300.904296875          0.0          
-13314.6470897          -14438.2337207          300.90435791          0.0          
-13314.6470897          -14438.3064407          300.90435791          0.0          
-13314.6470897          -14438.3912807          300.90435791          0.0          
-13314.6470897          -14438.4761207          300.904205322          0.0          
-13314.6470897          -14438.5609607          300.904205322          1.0          
-13314.6470897          -14438.6458007          300.904205322          1.0          
-13314.6470897          -14438.7306407          300.90411377          1.0          
-13314.6470897          -14438.8154807          300.90411377          1.0          
-13314.6470897          -14438.9003207          300.904266357          0.0          
-13314.6470897          -14438.9851607          300.904266357          0.0          
-13314.6470897          -14439.0700007          300.904266357          0.0          
-13314.6470897          -14439.1548407          300.904174805          0.0          
-13314.6470897          -14439.2396807          300.904174805          0.0          
-13314.6470897          -14439.3245207          300.904174805          0.0          
-13314.6470897          -14439.4093607          300.90423584          0.0          
-13314.6470897          -14439.4942007          300.90423584          0.0          
-13314.6470897          -14439.5790407          300.90423584          0.0          
-13314.6470897          -14439.6638807          300.904266357          1.0          
-13314.6470897          -14439.7487207          300.904266357          1.0          
-13314.6470897          -14439.8335607          300.904266357          1.0          
-13314.6470897          -14439.9184007          300.904418945          0.0          
-13314.6470897          -14439.9911207          300.904418945          0.0          
-13314.6470897          -14440.0759607          300.904418945          1.0          
-13314.6470897          -14440.1608007          300.904266357          0.0          
-13314.6470897          -14440.2456407          300.904266357          1.0          
-13314.6470897          -14440.3304807          300.904296875          1.0          
-13314.6470897          -14440.4153207          300.904296875          0.0          
-13314.6470897          -14440.5001607          300.904296875          0.0          
-13314.6470897          -14440.5850007          300.904266357          2.0          
-13314.6470897          -14440.6698407          300.904266357          0.0          
-13314.6470897          -14440.7546807          300.904266357          0.0          
-13314.6470897          -14440.8395207          300.904174805          1.0          
-13314.6470897          -14440.9243607          300.904174805          2.0          
-13314.6470897          -14441.0092007          300.904174805          0.0          
-13314.6470897          -14441.0940407          300.904266357          0.0          
-13314.6470897          -14441.1788807          300.904266357          1.0          
-13314.6470897          -14441.2637207          300.904266357          0.0          
-13314.6470897          -14441.3485607          300.90411377          0.0          
-13314.6470897          -14441.4334007          300.90411377          0.0          
-13314.6470897          -14441.5182407          300.90411377          0.0          
-13314.6470897          -14441.6030807          300.904327393          0.0          
-13314.6470897          -14441.6879207          300.904327393          0.0          
-13314.6470897          -14441.7606407          300.904327393          1.0          
-13314.6470897          -14441.8454807          300.904174805          0.0          
-13314.6470897          -14441.9303207          300.904174805          0.0          
-13314.6470897          -14442.0151607          300.904144287          0.0          
-13314.6470897          -14442.1000007          300.904144287          0.0          
-13314.6470897          -14442.1848407          300.904144287          0.0          
-13314.6470897          -14442.2696807          300.904174805          1.0          
-13314.6470897          -14442.3545207          300.904174805          2.0          
-13314.6470897          -14442.4393607          300.904174805          1.0          
-13314.6470897          -14442.5242007          300.90423584          0.0          
-13314.6470897          -14442.6090407          300.90423584          1.0          
-13314.6470897          -14442.6938807          300.90423584          0.0          
-13314.6470897          -14442.7787207          300.904083252          0.0          
-13314.6470897          -14442.8635607          300.904083252          0.0          
-13314.6470897          -14442.9484007          300.904083252          0.0          
-13314.6470897          -14443.0332407          300.904296875          1.0          
-13314.6470897          -14443.1180807          300.904296875          1.0          
-13314.6470897          -14443.2029207          300.904296875          1.0          
-13314.6470897          -14443.2877607          300.904052734          0.0          
-13314.6470897          -14443.3726007          300.904052734          0.0          
-13314.6470897          -14443.4453207          300.904022217          0.0          
-13314.6470897          -14443.5301607          300.904022217          0.0          
-13314.6470897          -14443.6150007          300.904022217          3.0          
-13314.6470897          -14443.6998407          300.904144287          0.0          
-13314.6470897          -14443.7846807          300.904144287          0.0          
-13314.6470897          -14443.8695207          300.904144287          0.0          
-13314.6470897          -14443.9543607          300.90411377          0.0          
-13314.6470897          -14444.0392007          300.90411377          0.0          
-13314.6470897          -14444.1240407          300.90411377          0.0          
-13314.6470897          -14444.2088807          300.904022217          0.0          
-13314.6470897          -14444.2937207          300.904022217          0.0          
-13314.6470897          -14444.3785607          300.904022217          0.0          
-13314.6470897          -14444.4634007          300.904174805          0.0          
-13314.6470897          -14444.5482407          300.904174805          0.0          
-13314.6470897          -14444.6330807          300.904174805          0.0          
-13314.6470897          -14444.7179207          300.90423584          1.0          
-13314.6470897          -14444.8027607          300.90423584          0.0          
-13314.6470897          -14444.8876007          300.904144287          0.0          
-13314.6470897          -14444.9724407          300.904144287          0.0          
-13314.6470897          -14445.0572807          300.904144287          0.0          
-13314.6470897          -14445.1421207          300.904510498          0.0          
-13314.6470897          -14445.2148407          300.904510498          0.0          
-13314.6470897          -14445.2996807          300.904510498          0.0          
-13314.6470897          -14445.3845207          300.904083252          1.0          
-13314.6470897          -14445.4693607          300.904083252          0.0          
-13314.6470897          -14445.5542007          300.904083252          0.0          
-13314.6470897          -14445.6390407          300.904388428          0.0          
-13314.6470897          -14445.7238807          300.904388428          0.0          
-13314.6470897          -14445.8087207          300.904388428          0.0          
-13314.6470897          -14445.8935607          300.904144287          0.0          
-13314.6470897          -14445.9784007          300.904144287          1.0          
-13314.6470897          -14446.0632407          300.904144287          0.0          
-13314.6470897          -14446.1480807          300.90435791          1.0          
-13314.6470897          -14446.2329207          300.90435791          0.0          
-13314.6470897          -14446.3177607          300.90411377          2.0          
-13314.6470897          -14446.4026007          300.90411377          0.0          
-13314.6470897          -14446.4874407          300.90411377          0.0          
-13314.6470897          -14446.5722807          300.904052734          0.0          
-13314.6470897          -14446.6571207          300.904052734          2.0          
-13314.6470897          -14446.7419607          300.904052734          1.0          
-13314.6470897          -14446.8268007          300.90411377          0.0          
-13314.6470897          -14446.9116407          300.90411377          0.0          
-13314.6470897          -14446.9843607          300.90411377          0.0          
-13314.6470897          -14447.0692007          300.904205322          0.0          
-13314.6470897          -14447.1540407          300.904205322          0.0          
-13314.6470897          -14447.2388807          300.904205322          0.0          
-13314.6470897          -14447.3237207          300.904083252          0.0          
-13314.6470897          -14447.4085607          300.904083252          0.0          
-13314.6470897          -14447.4934007          300.904083252          0.0          
-13314.6470897          -14447.5782407          300.904205322          1.0          
-13314.6470897          -14447.6630807          300.904205322          0.0          
-13314.6470897          -14447.7479207          300.904205322          0.0          
-13314.6470897          -14447.8327607          300.904266357          0.0          
-13314.6470897          -14447.9176007          300.904266357          1.0          
-13314.6470897          -14448.0024407          300.904205322          0.0          
-13314.6470897          -14448.0872807          300.904205322          1.0          
-13314.6470897          -14448.1721207          300.904205322          0.0          
-13314.6470897          -14448.2569607          300.904418945          0.0          
-13314.6470897          -14448.3418007          300.904418945          1.0          
-13314.6470897          -14448.4266407          300.904418945          0.0          
-13314.6470897          -14448.5114807          300.904296875          0.0          
-13314.6470897          -14448.5963207          300.904296875          0.0          
-13314.6470897          -14448.6690407          300.904296875          0.0          
-13314.6470897          -14448.7538807          300.903991699          0.0          
-13314.6470897          -14448.8387207          300.903991699          0.0          
-13314.6470897          -14448.9235607          300.903991699          0.0          
