#Files Included:
#scan_0008.mda
#scan_0009.mda
#scan_0009.mda
#scan_0010.mda
#scan_0018.mda
#scan_0018.mda
#Energy= Column: 1
#Signal= Column: 2
-86.0929965563          0.0          
-85.8412576728          0.0          
-85.589518778          0.0          
-85.3377798758          0.0          
-85.0860409662          0.0          
-84.8343020473          0.0          
-84.582563119          0.0          
-84.3308241814          0.0          
-84.0790852346          0.0          
-83.8273462821          0.0          
-83.49646255          0.0          
-83.2447236665          0.0          
-82.9929847717          0.0          
-82.7412458695          0.0          
-82.4895069599          0.0          
-82.237768041          0.0          
-81.9860291127          2.0          
-81.7342901751          0.0          
-81.4825512283          0.0          
-81.2308122758          0.0          
-80.9790733121          0.0          
-80.727334341          0.0          
-80.4755953588          0.0          
-80.223856369          0.0          
-79.9721173719          2.0          
-79.7563410792          0.0          
-79.5046020653          0.451353389787          
-79.2528630421          2.0          
-79.0011240076          1.5486458815          
-78.7493849676          0.451354478437          
-78.4976459164          2.54864514945          
-78.2459068596          0.451355207149          
-77.9941677917          1.0          
-77.7424287163          1.0          
-77.4906896316          2.09427153582          
-77.2389505375          3.22718943833          
-76.987211436          2.22719279079          
-76.7354723234          0.0          
-76.4837332014          3.0          
-76.2319940738          0.594215250563          
-75.9802549351          2.0          
-75.7285157889          0.4057840195          
-75.4767766334          0.0          
-75.2250374686          2.0          
-74.9732982945          0.0          
-74.7215591129          2.0          
-74.5057826638          2.0          
-74.2540434655          0.451360983612          
-74.0023042597          3.32140620711          
-73.7505650446          5.0          
-73.4988258202          2.0          
-73.2470865864          2.22724248953          
-72.9953473452          1.0          
-72.7436080948          1.54550159965          
-72.4918688349          2.45450508712          
-72.240129564          1.0          
-71.9883902874          0.0          
-71.7366510015          0.772737432016          
-71.4849117063          1.22726591136          
-71.2331724036          0.0          
-70.9814330917          1.05844166582          
-70.7296937704          0.941561672463          
-70.4779544417          2.0          
-70.2262151018          0.59422392863          
-69.9744757526          0.405775701201          
-69.7227363959          2.0584249483          
-69.4709970318          0.941578412613          
-69.2552204262          2.77270442972          
-69.0034810435          1.67866745911          
-68.7517416533          1.0          
-68.5000022557          3.0          
-68.2482628468          0.548630356126          
-67.9965234306          0.0          
-67.7447840031          0.0          
-67.4930445701          0.451370733239          
-67.2413051259          1.0          
-66.9895656742          0.54862853877          
-66.7378262132          0.772670974425          
-66.4860867448          1.22733236895          
-66.2343472671          0.0          
-65.9826077782          0.0          
-65.7308682818          0.0          
-65.479128778          0.0          
-65.227389263          0.0          
-64.9756497424          2.59423151098          
-64.7239102107          1.0          
-64.4721706714          0.405767763485          
-64.256393915          0.0          
-64.0046543591          0.451375772856          
-63.7529147957          3.0          
-63.5011752211          1.0          
-63.249435639          0.548623145178          
-62.9976960476          0.0          
-62.745956447          0.0          
-62.494216837          0.772614589082          
-62.2424772196          3.67876707895          
-61.9907375928          1.32122920797          
-61.7389979586          1.22739547971          
-61.4872583132          0.772601182635          
-61.2355186585          1.22740214594          
-60.9837789983          2.77259449589          
-60.7320393268          1.09864365094          
-60.4802996479          1.0          
-60.2285599615          2.0          
-59.976820264          0.0          
-59.725080559          0.0          
-59.4733408429          1.05828870745          
-59.2216011193          2.0          
-59.0058242083          2.45138298785          
-58.754084466          2.77605176835          
-58.5023447201          0.0          
-58.2506049611          2.2239422514          
-57.9988651965          1.77606074445          
-57.7471254207          0.0          
-57.4953856375          2.0          
-57.2436458468          1.45138552986          
-56.991906045          1.32115554128          
-56.7401662339          2.0          
-56.4884264152          1.2274652566          
-56.2366865873          0.0          
-55.9849467501          2.0          
-55.7332069054          6.18848971801          
-55.4814670514          0.811509553664          
-55.22972719          1.0          
-54.9779873192          2.0          
-54.7262474392          1.0          
-54.4745075479          1.0          
-54.2227676492          0.0          
-53.9710277449          1.05821556062          
-53.7552506737          2.77249841839          
-53.5035107508          2.45500987954          
-53.2517708186          0.0          
-53.0000308789          0.45139165548          
-52.7482909299          2.32109299822          
-52.4965509698          2.13030309736          
-52.244811004          5.54860724442          
-51.9930710271          2.3210818764          
-51.7413310427          3.22752835576          
-51.489591049          2.45139384422          
-51.2378510479          0.473373424858          
-50.9861110374          0.77246159028          
-50.7343710158          1.22754173828          
-50.4826309886          0.901197388597          
-50.2308909521          2.53608696277          
-49.9791509062          0.405746840543          
-49.7274108492          2.59425353102          
-49.4756707847          1.0          
-49.2239307128          1.46389821044          
-48.9721906334          1.53610550583          
-48.7204505429          4.46389078788          
-48.5046733152          1.67896953472          
-48.2529332079          2.5486014828          
-48.0011930931          0.0          
-47.7494529691          3.0          
-47.4977128357          2.45139961324          
-47.2459726948          3.32101190655          
-46.9942325447          4.13039212964          
-46.7424923852          1.54859930886          
-46.4907522164          1.32100078684          
-46.2390120383          2.13040435082          
-45.9872718547          1.94672915767          
-45.7355316598          2.59425929369          
-45.4837914556          0.405740339142          
-45.232051244          1.0          
-44.9803110231          0.594260386392          
-44.7285707928          2.40573924644          
-44.4768305551          3.59426111632          
-44.22509031          1.40573852831          
-43.9733500518          2.11616533292          
-43.721609788          8.53618287686          
-43.5058324113          2.54859463326          
-43.2540921289          3.22764117366          
-43.002351841          0.772355459103          
-42.7506115418          2.4514064561          
-42.4988712315          4.54859316845          
-42.2471309174          6.99609803615          
-41.9953905921          8.68297372578          
-41.7436502595          2.9960853793          
-41.4919099156          8.35814577188          
-41.2401695643          4.96669748059          
-40.9884292055          2.28095898793          
-40.7366888355          2.40573349118          
-40.4849484563          3.0          
-40.2332080696          1.90103845363          
-39.9814676754          3.40573240288          
-39.7297272719          2.59426795828          
-39.4779868573          6.40573166855          
-39.2262464371          0.94198044093          
-38.9745060038          8.17404870166          
-38.7227655668          6.47824370035          
-38.4710251167          4.94199047309          
-38.2552475818          3.32087941952          
-38.0035071168          2.90282665039          
-37.7517666463          4.77630065783          
-37.5000261627          1.77228233586          
-37.2482856736          1.77630660677          
-36.9965451732          2.0          
-36.7448046654          0.7722722853          
-36.4930641484          4.0          
-36.2413236219          2.77226558952          
-35.9895830862          11.4554755076          
-35.7378425431          3.37008205425          
-35.4861019906          5.68323330441          
-35.2343614288          3.58370331131          
-34.9826208577          7.69331779467          
-34.7308802791          4.1885503764          
-34.4791396912          5.40572444603          
-34.2273990978          2.86940128432          
-33.9756584931          4.0579497509          
-33.7239178754          7.53633020528          
-33.472177254          5.0          
-33.2563995719          9.67919425739          
-33.00465893          3.09302461664          
-32.7529182825          5.45142090008          
-32.5011776257          9.64158926124          
-32.2494369596          5.36257144619          
-31.9976962861          3.22363118095          
-31.7459556032          11.9028447054          
-31.494214911          9.64573182556          
-31.2424742114          17.4807376201          
-30.9907335006          17.1901213115          
-30.7389927823          12.8045856836          
-30.4872520547          7.18856263324          
-30.2355113216          4.54437150026          
-29.9837705754          19.8220996146          
-29.7320298217          18.414937554          
-29.4802890588          13.1306755206          
-29.2285482865          10.1013772308          
-28.9768075068          7.59428349901          
-28.7250667196          15.5214761          
-28.4733259231          21.9135444672          
-28.2215851154          24.2171462471          
-28.005807275          12.7678961138          
-27.7540664524          18.3628170064          
-27.5023256224          18.9664355037          
-27.2505847812          13.1307116096          
-26.9988439325          9.67928647402          
-26.7471030764          17.2192772555          
-26.4953622073          22.1856843516          
-26.2436213326          23.4643432177          
-25.9918804485          26.2149387624          
-25.7401395552          23.4221498869          
-25.4883986525          22.2278773304          
-25.2366577405          25.0607976172          
-24.984916823          9.58353744776          
-24.7331758942          23.0608254717          
-24.4814349581          22.6077307879          
-24.2296940126          25.6094103912          
-23.9779530596          20.4493865887          
-23.7262120955          18.6521045922          
-23.4744711239          18.5942914366          
-23.2227301411          27.2604932696          
-22.9709891509          34.753612159          
-22.755211154          27.6500859933          
-22.503470147          46.5646308469          
-22.2517291326          42.464650037          
-21.9999881089          24.5529745493          
-21.7482470758          33.1898355269          
-21.4965060353          25.7720696101          
-21.2447649874          36.6660813181          
-20.9930239283          36.7898081253          
-20.7412828598          26.442552991          
-20.4895417839          25.9663018133          
-20.2378006987          39.7575360895          
-19.9860596023          41.8792821288          
-19.7343185004          34.9823285443          
-19.482577391          42.109255726          
-19.2308362704          38.6082053249          
-18.9790951405          47.8552590932          
-18.7273540031          41.8691504855          
-18.4756128546          29.5380500166          
-18.2238717005          34.0408453125          
-17.9721305352          41.3194605012          
-17.7563523874          43.8826876938          
-17.5046112072          24.7041335166          
-17.2528700177          49.0971134491          
-17.0011288207          41.8600492458          
-16.7493876126          36.4942994887          
-16.497646397          42.4176700368          
-16.2459051739          42.2280001956          
-15.9941639397          41.2526634831          
-15.7424226962          56.4809770993          
-15.4906814452          40.1354764852          
-15.2389401849          41.2134977742          
-14.9871989172          62.8004646126          
-14.7354576401          68.0988513638          
-14.4837163538          73.2389604854          
-14.23197506          81.3835711596          
-13.980233755          82.8113897027          
-13.7284924444          95.6675552746          
-13.4767511208          140.4309947          
-13.2250097916          142.667570831          
-12.9732684512          154.765319219          
-12.7215271033          157.323605109          
-12.5057487991          137.51004976          
-12.2540074345          146.329808217          
-12.0022660624          154.297180965          
-11.7505246811          178.85367572          
-11.4987832904          167.077252111          
-11.2470418904          183.346098643          
-10.995300483          227.393069101          
-10.7435590662          202.596376851          
-10.4918176401          228.383675359          
-10.2400762066          183.082026135          
-9.9883347638          160.179935865          
-9.73659331165          157.749845852          
-9.4848518502          130.199648265          
-9.23311038129          124.898215801          
-8.98136890121          159.811375258          
-8.72962741554          132.018912377          
-8.47788592055          121.622005967          
-8.2261444144          129.908349561          
-7.97440290079          139.786140946          
-7.72266137972          126.695427493          
-7.47091984749          105.872214607          
-7.2551413849          114.63128182          
-7.00339983776          126.101871833          
-6.75165828317          107.417498286          
-6.49991671741          104.825386312          
-6.24817514047          110.951309058          
-5.99643355981          96.9465203327          
-5.74469196796          94.3056995163          
-5.49295036867          113.33990277          
-5.24120875821          106.737864548          
-4.98946714029          83.912599219          
-4.73772551678          84.0703985633          
-4.48598387837          101.70391903          
-4.23424223438          128.450720262          
-3.98250058107          151.508026856          
-3.73075892031          121.78505852          
-3.47901725024          115.42243459          
-3.22727556899          143.833971271          
-2.97553388216          196.678834602          
-2.72379218414          161.018977781          
-2.47205047868          190.214073531          
-2.25627186522          227.601439236          
-2.00453014486          246.111979474          
-1.75278841332          326.98429321          
-1.50104667433          422.358476373          
-1.24930492602          553.90779254          
-0.997563168406          819.181644926          
-0.745821401477          1478.8310509          
-0.494079628959          2582.90765804          
-0.242337845266          4053.81024311          
0.00940394774079          4721.04804229          
0.261145750061          4307.78872938          
0.512887559831          3045.01229181          
0.764629378915          1810.96281742          
1.01637120731          841.193698883          
1.26811304316          448.478250284          
1.51985488832          300.476457753          
1.77159674279          222.522464067          
2.02333860658          160.55571864          
2.27508047596          152.955389577          
2.52682235651          155.220432169          
2.77856424637          154.549701024          
2.9943430163          118.297677394          
3.24608492106          118.148697194          
3.49782683514          121.355628458          
3.74956875667          109.635462449          
4.00131068937          134.548526034          
4.25305263139          127.500857289          
4.50479458086          95.4565520185          
4.75653653964          110.916389844          
5.00827850774          111.228282684          
5.26002048142          117.649183916          
5.51176246628          134.598025908          
5.76350446045          138.46416362          
6.01524646208          130.756584894          
6.26698847115          105.067592804          
6.51873049326          154.143908274          
6.77047252283          163.737475845          
7.02221455984          164.967846527          
7.27395660616          175.012613397          
7.52569865994          180.876479803          
7.77744072489          174.688737242          
8.0291827973          172.684727537          
8.24496172369          182.635217001          
8.49670381285          171.112572131          
8.74844590947          151.805923306          
9.0001880154          197.606659134          
9.25193013065          185.527169366          
9.50367225707          191.055082107          
9.75541438907          203.517261638          
10.0071565323          250.044878439          
10.258898681          259.116164667          
10.5106408391          270.876218617          
10.7623830084          276.392555623          
11.0141251869          306.482490917          
11.2658673711          292.392607206          
11.5176095665          291.557091235          
11.7693517692          222.855498153          
12.0210939813          230.538534933          
12.2728362028          227.936821963          
12.5245784316          251.21696975          
12.7763206698          243.225721401          
13.0280629173          250.266341166          
13.2438419927          240.75315753          
13.4955842569          224.19404929          
13.7473265287          180.231935473          
13.9990688115          164.598087178          
14.2508111          121.821922181          
14.5025533997          109.720493693          
14.7542957067          86.6332560249          
15.0060380232          87.2177328932          
15.2577803489          81.2337666274          
15.5095226821          92.6348202202          
15.7612650245          78.2800053321          
16.0130073763          84.333007238          
16.2647497375          90.9931987214          
16.5164921079          72.8160020822          
16.7682344839          69.6798770582          
17.0199768711          66.2298587261          
17.2717192657          64.8733377996          
17.5234616734          51.4629145891          
17.7752040848          62.1145237722          
18.0269465074          54.7137072647          
18.2786889356          49.9258068993          
18.4944681711          40.8685482307          
18.7462106161          71.5031876192          
18.9979530722          70.2402551001          
19.2496955376          64.4632479916          
19.5014380105          77.4053129247          
19.7531804927          60.6110442799          
20.0049229823          66.7144494728          
20.2566654831          59.1079518955          
20.5084079932          49.2230090697          
20.760150509          54.3770426307          
21.0118930358          62.5122391673          
21.2636355702          82.4633794364          
21.5153781138          87.6110863455          
21.7671206668          73.0999230512          
22.0188632272          72.6352413763          
22.2706057969          89.776419453          
22.522348376          83.6284089388          
22.7740909662          83.2511856261          
23.025833562          79.0743329803          
23.2775761671          58.8112821037          
23.5293187797          65.8456063381          
23.7450981718          45.4738531048          
23.9968408011          58.7201518227          
24.2485834397          31.8974326815          
24.5003260877          48.2853985374          
24.7520687468          44.8060157674          
25.0038114134          39.3311325314          
25.2555540856          42.2229528056          
25.5072967689          35.8172308067          
25.7590394616          40.9598082415          
26.0107821617          57.8973934804          
26.2625248712          48.4893552748          
26.5142675899          46.0857256582          
26.766010318          42.9142877057          
27.0177530535          57.583084118          
27.2694957983          52.988363168          
27.5212385524          45.1605555143          
27.772981314          51.0281728119          
28.0247240849          39.5943658034          
28.2764668651          35.3195584293          
28.5282096528          39.000784193          
28.7439891938          55.0623435959          
28.9957319982          42.1430078032          
29.247474812          30.4168638343          
29.499217635          34.8973158479          
29.7509604655          40.8683660952          
30.0027033072          37.9942816161          
30.2544461563          39.9144732038          
30.5061890129          27.8683538709          
30.7579318807          41.5484873941          
31.0096747559          23.1431416539          
31.2614176404          26.6282099353          
31.5131605342          30.5089109142          
31.7649034355          26.039895958          
32.0166463461          17.100081983          
32.268389266          19.3424154488          
32.5201321933          26.4407216506          
32.77187513          25.7936969605          
33.023618076          28.0289243016          
33.2753610313          26.8393862803          
33.527103994          26.0289212363          
33.7788469661          23.462675023          
33.9946266636          26.0521933927          
34.2463696543          20.5426573285          
34.4981126506          18.2908919392          
34.7498556562          12.5832331528          
35.0015986711          14.2286813804          
35.2533416934          12.3139457573          
35.505084727          15.6802075486          
35.7568277679          17.0969603518          
36.0085708164          18.9030403614          
36.260313876          19.7713018611          
36.5120569449          13.1751526577          
36.7638000213          15.1769167712          
37.0155431051          19.8230869379          
37.2672862001          15.4892485535          
37.5190293025          11.6336181751          
37.7707724143          12.8860078523          
38.0225155372          16.3027459972          
38.2742586639          18.1028794209          
38.5260018036          7.53739491748          
38.7777449507          17.7083467622          
39.0294881035          13.8860413298          
39.2452679612          17.4107368905          
39.4970111307          15.0969495516          
39.7487543114          9.04081027229          
40.0004975013          12.7652824619          
40.2522406988          14.0969473729          
40.5039839055          15.2287545465          
40.7557271235          11.3605698215          
41.0074703488          18.4166565601          
41.2592135798          12.7712354146          
41.5109568238          13.6742883545          
41.7627000734          10.6327473155          
42.0144433323          5.31367615441          
42.2661866024          16.8751065931          
42.5179298799          16.088528615          
42.7696731649          18.7932405033          
43.0214164611          19.0749223545          
43.2731597647          16.943077064          
43.5249030776          14.6332901816          
43.7766463999          16.7723349963          
44.0283897296          11.5374760141          
44.2441697344          4.6454037549          
44.4959130809          7.0349373892          
44.7476564366          8.63931251088          
44.9993997999          8.6803474626          
45.2511431724          9.09693292997          
45.5028865561          9.45153390712          
45.7546299454          10.4104585085          
46.006373344          12.2576731217          
46.2581167519          13.5607191359          
46.5098601691          6.63926056333          
46.7616035938          3.75562937956          
47.0133470297          8.17676571877          
47.265090473          6.59439358239          
47.5168339256          6.40560605046          
47.7685773857          6.1319254415          
48.0203208569          10.6899045465          
48.2720643338          10.1213225098          
48.5238078199          7.37758159029          
48.7755513173          5.34875443408          
49.027294822          3.0          
49.2790383343          8.70808268693          
49.4948184974          5.55466874415          
49.7465620264          2.77112260873          
49.9983055647          4.68042114018          
50.2500491142          4.41649365032          
50.5017926693          3.45154111044          
50.7535362355          3.45154147776          
51.0052798092          6.86802219741          
51.2570233922          3.68043967384          
51.5087669846          6.31955661891          
51.7605105843          3.68044709172          
52.0122541934          5.24429198716          
52.2639978118          4.45782170237          
52.5157414377          2.73097392992          
52.7674850728          6.01200454206          
53.0192287173          1.05679339226          
53.2709723692          4.05679003843          
53.5227160323          2.8864266012          
53.7744597029          0.59440298267          
54.0262033828          6.0          
54.2779470701          3.46237294836          
54.4937273841          2.0          
54.7454710864          3.22894384093          
54.9972147997          0.0          
55.2489585243          1.22259746029          
55.5007022526          5.54845166811          
55.7524459939          2.45154870327          
56.0041897409          3.31949036402          
56.2559334971          3.22896392437          
56.5076772645          1.68051704712          
56.7594210412          1.31947925303          
57.0111648235          2.0          
57.262908617          1.82338531276          
57.514652418          1.77101935025          
57.7663962264          1.5060726064          
58.0181400459          0.594409106331          
58.2698838729          0.40559053231          
58.5216277093          1.05672023988          
58.7733715568          6.0          
59.0251154117          3.0          
59.2768592741          0.943289777203          
59.5286031459          0.594411294667          
59.7443836126          3.31943524988          
59.9961275011          3.13212327635          
60.2478713989          1.86787265011          
60.4996153042          1.22902032596          
60.7513592206          5.99350861993          
61.0031031445          6.22902699767          
61.2548470739          1.77747371811          
61.5065910164          0.770966306729          
61.7583349645          3.77096295438          
62.0100789238          2.45808077096          
62.2618228886          0.526817776485          
62.5135668665          3.77095291892          
62.76531085          3.63463447802          
63.0170548446          1.49385359996          
63.2687988468          1.34892615477          
63.5205428582          0.0          
63.772286877          1.05665045623          
64.0240309052          0.943352890613          
64.2757749427          1.0          
64.5275189895          0.0          
64.7792630438          1.05663707054          
64.9950436708          1.22908007643          
65.2467877418          1.0          
65.4985318221          0.770913227972          
65.7502759099          1.68065325473          
66.0020200089          2.31934303398          
66.2537641171          5.68066066925          
66.505508231          0.548435775278          
66.757252356          0.0          
67.0089964885          3.0          
67.2607406303          2.0          
67.5124847814          0.0          
67.7642289419          0.770883129641          
68.0159731098          1.22912022609          
68.2677172851          0.0          
68.5194614716          0.0          
68.7712056655          0.0          
69.0229498707          0.594425006385          
69.2746940814          1.46215195328          
69.5264383033          1.94342602016          
69.7781825345          1.0          
69.9939633068          0.0          
70.2457075529          0.451569618112          
70.4974518083          1.54843001791          
70.749196073          0.0          
71.0009403452          0.451570718175          
71.2526846267          0.548428917843          
71.5044289175          2.77083340902          
71.7561732158          3.45157180678          
72.0079175234          2.54842782852          
72.2596618384          2.2291766537          
72.5114061628          0.526835037285          
72.7631505001          1.40556958649          
73.0148948412          2.0          
73.2666391935          2.0          
73.5183835533          2.0          
73.7701279242          1.0          
74.0218723007          0.0          
74.2736166883          3.76396524921          
74.5253610853          3.23604442113          
74.7771054879          0.0          
75.0288499016          1.78330105231          
75.2446308341          2.41605313644          
75.4963752646          2.0          
75.7481197007          2.0          
75.999864148          1.22922635037          
76.2516086046          0.903156593767          
76.5033530686          2.0          
76.6414150577          0.0          
76.8931594454          0.0          
77.1449038424          0.0          
77.3966482449          2.0          
77.6483926587          2.86759110283          
77.8641735911          0.41812667874          
78.1159180216          0.0          
78.3676624577          1.0          
78.619406905          1.84550462243          
78.8711513616          0.13242868801          
79.1228958257          1.8675672317          
79.3913104534          0.0          
79.6430554502          0.0          
79.8948004544          0.0          
