#somedat
#Energy= Column: 1
#Signal= Column: 2
-86.0929965563          0.0          
-85.8412576728          0.0          
-85.589518778          0.0          
-85.3377798758          0.0          
-85.0860409662          0.0          
-84.8343020473          0.0          
-84.582563119          0.0          
-84.3308241814          0.0          
-84.0790852346          0.0          
-83.8273462821          0.0          
-83.5756073184          0.0          
-83.3238683473          0.0          
-83.0721293651          0.0          
-82.8203903753          0.0          
-82.5686513782          0.0          
-82.3528750855          0.0          
-82.1011360716          1.0          
-81.8493970484          0.0          
-81.5976580139          0.0          
-81.3459189739          0.0          
-81.0941799227          0.0          
-80.8424408659          0.0          
-80.590701798          0.0          
-80.3389627226          0.0          
-80.0872236378          1.0          
-79.8354845438          0.0          
-79.5837454423          0.0          
-79.3320063297          1.0          
-79.0802672077          1.0          
-78.8285280801          0.0          
-78.5767889414          2.0          
-78.3250497952          0.0          
-78.0733106397          0.0          
-77.8215714749          0.0          
-77.5698323008          0.0          
-77.3180931192          0.0          
-77.1023166701          1.0          
-76.8505774718          0.0          
-76.598838266          2.0          
-76.3470990509          0.0          
-76.0953598265          1.0          
-75.8436205927          0.0          
-75.5918813515          0.0          
-75.340142101          1.0          
-75.0884028412          0.0          
-74.8366635703          1.0          
-74.5849242937          1.0          
-74.3331850078          0.0          
-74.0814457126          1.0          
-73.8297064099          2.0          
-73.577967098          0.0          
-73.3262277767          1.0          
-73.074488448          1.0          
-72.8227491081          0.0          
-72.5710097589          0.0          
-72.3192704022          1.0          
-72.0675310381          0.0          
-71.8517544325          0.0          
-71.6000150498          0.0          
-71.3482756596          0.0          
-71.096536262          0.0          
-70.8447968531          0.0          
-70.5930574369          1.0          
-70.3413180094          0.0          
-70.0895785764          0.0          
-69.8378391322          1.0          
-69.5860996805          0.0          
-69.3343602195          1.0          
-69.0826207511          0.0          
-68.8308812734          0.0          
-68.5791417845          1.0          
-68.3274022881          0.0          
-68.0756627843          0.0          
-67.8239232693          0.0          
-67.5721837487          0.0          
-67.320444217          0.0          
-67.0687046777          0.0          
-66.8529279213          0.0          
-66.6011883654          0.0          
-66.3494488019          0.0          
-66.0977092274          0.0          
-65.8459696453          0.0          
-65.5942300539          0.0          
-65.3424904533          0.0          
-65.0907508433          1.0          
-64.8390112258          0.0          
-64.5872715991          0.0          
-64.3355319649          0.0          
-64.0837923195          0.0          
-63.8320526648          1.0          
-63.5803130046          0.0          
-63.3285733331          0.0          
-63.0768336542          0.0          
-62.8250939678          0.0          
-62.5733542703          0.0          
-62.3216145653          1.0          
-62.0698748492          0.0          
-61.8181351256          0.0          
-61.6023582146          0.0          
-61.3506184723          0.0          
-61.0988787264          1.0          
-60.8471389674          0.0          
-60.5953992028          1.0          
-60.343659427          1.0          
-60.0919196438          0.0          
-59.8401798531          0.0          
-59.5884400513          0.0          
-59.3367002402          0.0          
-59.0849604215          0.0          
-58.8332205936          1.0          
-58.5814807564          0.0          
-58.3297409117          1.0          
-58.0780010577          0.0          
-57.8262611963          0.0          
-57.5745213255          1.0          
-57.3227814455          1.0          
-57.0710415542          0.0          
-56.8193016555          0.0          
-56.5675617512          0.0          
-56.35178468          0.0          
-56.1000447571          1.0          
-55.8483048249          3.0          
-55.5965648852          0.0          
-55.3448249362          1.0          
-55.0930849761          1.0          
-54.8413450103          1.0          
-54.5896050334          1.0          
-54.337865049          0.0          
-54.0861250553          0.0          
-53.8343850542          0.0          
-53.5826450437          0.0          
-53.3309050221          0.0          
-53.0791649949          0.0          
-52.8274249583          1.0          
-52.5756849125          0.0          
-52.3239448555          2.0          
-52.072204791          1.0          
-51.8204647191          1.0          
-51.5687246397          1.0          
-51.3169845492          0.0          
-51.1012073215          0.0          
-50.8494672142          0.0          
-50.5977270994          0.0          
-50.3459869754          1.0          
-50.094246842          0.0          
-49.8425067011          1.0          
-49.590766551          0.0          
-49.3390263915          0.0          
-49.0872862227          0.0          
-48.8355460446          2.0          
-48.583805861          0.0          
-48.3320656661          2.0          
-48.0803254619          0.0          
-47.8285852503          2.0          
-47.5768450294          1.0          
-47.3251047991          1.0          
-47.0733645614          1.0          
-46.8216243163          0.0          
-46.5698840581          0.0          
-46.3181437943          0.0          
-46.1023664176          1.0          
-45.8506261352          1.0          
-45.5988858473          0.0          
-45.3471455481          1.0          
-45.0954052377          0.0          
-44.8436649237          1.0          
-44.5919245984          2.0          
-44.3401842657          1.0          
-44.0884439219          0.0          
-43.8367035706          4.0          
-43.5849632118          0.0          
-43.3332228418          1.0          
-43.0814824626          0.0          
-42.8297420759          0.0          
-42.5780016817          1.0          
-42.3262612782          2.0          
-42.0745208636          2.0          
-41.8227804434          0.0          
-41.5710400101          2.0          
-41.3192995731          1.0          
-41.067559123          0.0          
-40.851781588          1.0          
-40.6000411231          1.0          
-40.3483006526          0.0          
-40.096560169          1.0          
-39.8448196799          0.0          
-39.5930791795          2.0          
-39.3413386717          0.0          
-39.0895981546          3.0          
-38.8378576282          1.0          
-38.5861170925          2.0          
-38.3343765493          1.0          
-38.0826359969          0.0          
-37.8308954351          1.0          
-37.579154864          0.0          
-37.3274142854          0.0          
-37.0756736975          2.0          
-36.8239331041          0.0          
-36.5721924994          1.0          
-36.3204518817          0.0          
-36.0687112603          6.0          
-35.8529335782          0.0          
-35.6011929363          0.0          
-35.3494522888          1.0          
-35.097711632          3.0          
-34.8459709659          1.0          
-34.5942302924          2.0          
-34.3424896095          1.0          
-34.0907489173          1.0          
-33.8390082177          3.0          
-33.5872675069          1.0          
-33.3355267886          4.0          
-33.083786061          0.0          
-32.8320453279          0.0          
-32.5803045817          2.0          
-32.328563828          0.0          
-32.0768230651          1.0          
-31.8250822928          5.0          
-31.5733415131          3.0          
-31.3216007259          7.0          
-31.0698599294          4.0          
-30.8181191217          4.0          
-30.6023412813          4.0          
-30.3506004587          1.0          
-30.0988596287          8.0          
-29.8471187875          6.0          
-29.5953779388          1.0          
-29.3436370827          2.0          
-29.0918962136          2.0          
-28.8401553389          5.0          
-28.5884144548          8.0          
-28.3366735615          9.0          
-28.0849326588          1.0          
-27.8331917468          3.0          
-27.5814508293          8.0          
-27.3297099005          5.0          
-27.0779689644          2.0          
-26.8262280189          5.0          
-26.5744870659          5.0          
-26.3227461018          6.0          
-26.0710051302          12.0          
-25.8192641474          5.0          
-25.5675231572          7.0          
-25.3517451603          9.0          
-25.1000041533          2.0          
-24.8482631389          7.0          
-24.5965221152          4.0          
-24.3447810821          6.0          
-24.0930400416          9.0          
-23.8412989937          9.0          
-23.5895579346          6.0          
-23.3378168661          6.0          
-23.0860757902          9.0          
-22.834334705          7.0          
-22.5825936086          16.0          
-22.3308525067          9.0          
-22.0791113973          6.0          
-21.8273702767          11.0          
-21.5756291468          8.0          
-21.3238880094          10.0          
-21.0721468609          8.0          
-20.8204057068          7.0          
-20.5686645415          3.0          
-20.3528863937          8.0          
-20.1011452135          9.0          
-19.849404024          6.0          
-19.597662827          13.0          
-19.3459216189          10.0          
-19.0941804033          14.0          
-18.8424391802          15.0          
-18.590697946          11.0          
-18.3389567025          11.0          
-18.0872154515          11.0          
-17.8354741912          14.0          
-17.5837329235          6.0          
-17.3319916464          16.0          
-17.0802503601          11.0          
-16.8285090663          6.0          
-16.5767677613          12.0          
-16.3250264507          13.0          
-16.0732851271          9.0          
-15.8215437979          17.0          
-15.5698024575          12.0          
-15.3180611096          9.0          
-15.1022828054          23.0          
-14.8505414408          22.0          
-14.5988000687          24.0          
-14.3470586874          22.0          
-14.0953172967          18.0          
-13.8435758967          25.0          
-13.5918344893          42.0          
-13.3400930725          30.0          
-13.0883516464          36.0          
-12.8366102129          40.0          
-12.5848687701          34.0          
-12.333127318          41.0          
-12.0813858565          42.0          
-11.8296443876          49.0          
-11.5779029075          51.0          
-11.3261614218          51.0          
-11.0744199269          66.0          
-10.8226784207          54.0          
-10.5709369071          73.0          
-10.319195386          55.0          
-10.0674538538          43.0          
-9.8516753912          44.0          
-9.59993384406          40.0          
-9.34819228947          31.0          
-9.09645072371          44.0          
-8.84470914677          32.0          
-8.5929675661          37.0          
-8.34122597426          38.0          
-8.08948437497          35.0          
-7.8377427645          36.0          
-7.58600114658          28.0          
-7.33425952308          36.0          
-7.08251788467          37.0          
-6.83077624068          30.0          
-6.57903458737          24.0          
-6.32729292661          30.0          
-6.07555125654          24.0          
-5.82380957529          31.0          
-5.57206788845          42.0          
-5.32032619044          37.0          
-5.06858448498          23.0          
-4.85280587152          24.0          
-4.60106415115          27.0          
-4.34932241961          36.0          
-4.09758068062          45.0          
-3.84583893232          40.0          
-3.5940971747          38.0          
-3.34235540777          50.0          
-3.09061363526          58.0          
-2.83887185156          37.0          
-2.58713005856          60.0          
-2.33538825624          65.0          
-2.08364644647          65.0          
-1.83190462738          96.0          
-1.58016279899          116.0          
-1.32842096314          145.0          
-1.07667911798          229.0          
-0.824937263504          383.0          
-0.573195399716          641.0          
-0.321453530341          1101.0          
-0.0697116497904          1304.0          
0.182030240074          1215.0          
0.397809009999          846.0          
0.649550914764          575.0          
0.901292828843          236.0          
1.15303475037          125.0          
1.40477668308          76.0          
1.6565186251          56.0          
1.90826057456          41.0          
2.16000253335          35.0          
2.41174450144          45.0          
2.66348647512          44.0          
2.91522845998          27.0          
3.16697045416          30.0          
3.41871245578          26.0          
3.67045446485          29.0          
3.92219648696          41.0          
4.17393851653          39.0          
4.42568055354          27.0          
4.67742259987          36.0          
4.92916465364          33.0          
5.1809067186          30.0          
5.432648791          32.0          
5.64842771739          36.0          
5.90016980655          37.0          
6.15191190317          26.0          
6.4036540091          48.0          
6.65539612435          50.0          
6.90713825077          45.0          
7.15888038278          38.0          
7.41062252596          49.0          
7.66236467473          49.0          
7.91410683282          41.0          
8.16584900208          51.0          
8.41759118065          42.0          
8.66933336481          39.0          
8.92107556015          58.0          
9.17281776294          47.0          
9.42455997504          50.0          
9.67630219646          61.0          
9.92804442532          63.0          
10.1797866635          57.0          
10.431528911          74.0          
10.6473079864          74.0          
10.8990502506          84.0          
11.1507925224          79.0          
11.4025348052          85.0          
11.6542770937          61.0          
11.9060193934          59.0          
12.1577617005          62.0          
12.4095040169          76.0          
12.6612463426          58.0          
12.9129886758          63.0          
13.1647310182          71.0          
13.41647337          67.0          
13.6682157312          46.0          
13.9199581016          53.0          
14.1717004776          40.0          
14.4234428648          35.0          
14.6751852594          22.0          
14.9269276671          25.0          
15.1786700785          21.0          
15.4304125011          28.0          
15.6821549293          21.0          
15.8979341649          25.0          
16.1496766098          24.0          
16.4014190659          20.0          
16.6531615313          24.0          
16.9049040042          17.0          
17.1566464864          15.0          
17.408388976          13.0          
17.6601314768          17.0          
17.9118739869          15.0          
18.1636165027          13.0          
18.4153590295          10.0          
18.6671015639          24.0          
18.9188441075          19.0          
19.1705866605          15.0          
19.4223292209          19.0          
19.6740717907          14.0          
19.9258143697          21.0          
20.1775569599          19.0          
20.4292995557          16.0          
20.6810421608          19.0          
20.9327847734          19.0          
21.1485641655          23.0          
21.4003067948          21.0          
21.6520494334          18.0          
21.9037920814          12.0          
22.1555347405          25.0          
22.4072774071          24.0          
22.6590200793          23.0          
22.9107627627          29.0          
23.1625054553          16.0          
23.4142481554          22.0          
23.6659908649          14.0          
23.9177335836          21.0          
24.1694763117          6.0          
24.4212190472          13.0          
24.672961792          11.0          
24.9247045461          10.0          
25.1764473077          12.0          
25.4281900786          9.0          
25.6799328588          13.0          
25.9316756465          21.0          
26.1474551875          11.0          
26.3991979919          10.0          
26.6509408057          5.0          
26.9026836287          15.0          
27.1544264592          13.0          
27.4061693009          11.0          
27.65791215          13.0          
27.9096550066          7.0          
28.1613978744          9.0          
28.4131407496          9.0          
28.6648836341          16.0          
28.9166265279          10.0          
29.1683694292          8.0          
29.4201123398          12.0          
29.6718552597          11.0          
29.923598187          9.0          
30.1753411237          8.0          
30.4270840697          5.0          
30.678827025          14.0          
30.9305699877          6.0          
31.1823129598          8.0          
31.3980926573          8.0          
31.649835648          11.0          
31.9015786443          4.0          
32.1533216499          3.0          
32.4050646648          7.0          
32.6568076871          8.0          
32.9085507207          8.0          
33.1602937616          7.0          
33.4120368101          7.0          
33.6637798697          2.0          
33.9155229386          7.0          
34.167266015          6.0          
34.4190090988          5.0          
34.6707521938          4.0          
34.9224952962          4.0          
35.174238408          3.0          
35.4259815309          3.0          
35.6777246576          5.0          
35.9294677973          7.0          
36.1812109444          6.0          
36.4329540972          2.0          
36.6487339549          4.0          
36.9004771244          6.0          
37.1522203051          5.0          
37.403963495          2.0          
37.6557066925          3.0          
37.9074498992          3.0          
38.1591931172          6.0          
38.4109363426          1.0          
38.6626795735          5.0          
38.9144228175          3.0          
39.1661660671          6.0          
39.417909326          4.0          
39.6696525961          1.0          
39.9213958737          3.0          
40.1731391586          3.0          
40.4248824548          3.0          
40.6766257584          3.0          
40.9283690713          7.0          
41.1801123936          4.0          
41.4318557233          4.0          
41.6476357281          2.0          
41.8993790746          0.0          
42.1511224303          5.0          
42.4028657936          6.0          
42.6546091661          6.0          
42.9063525498          6.0          
43.1580959391          6.0          
43.4098393377          2.0          
43.6615827456          4.0          
43.9133261628          4.0          
44.1650695875          1.0          
44.4168130234          2.0          
44.6685564667          3.0          
44.9202999193          2.0          
45.1720433794          3.0          
45.4237868506          3.0          
45.6755303275          3.0          
45.9272738136          2.0          
46.179017311          4.0          
46.4307608157          2.0          
46.682504328          0.0          
46.8982844912          3.0          
47.1500280201          1.0          
47.4017715584          1.0          
47.6535151079          2.0          
47.905258663          1.0          
48.1570022292          2.0          
48.4087458029          2.0          
48.6604893859          1.0          
48.9122329783          0.0          
49.163976578          2.0          
49.4157201871          0.0          
49.6674638055          0.0          
49.9192074314          1.0          
50.1709510665          1.0          
50.422694711          1.0          
50.6744383629          0.0          
50.926182026          2.0          
51.1779256966          0.0          
51.4296693765          2.0          
51.6814130638          0.0          
51.8971933778          1.0          
52.1489370801          1.0          
52.4006807934          0.0          
52.652424518          2.0          
52.9041682463          0.0          
53.1559119876          1.0          
53.4076557346          1.0          
53.6593994908          0.0          
53.9111432582          3.0          
54.1628870349          1.0          
54.4146308172          0.0          
54.6663746107          1.0          
54.9181184117          0.0          
55.1698622201          0.0          
55.4216060396          2.0          
55.6733498666          0.0          
55.925093703          0.0          
56.1768375505          0.0          
56.4285814054          0.0          
56.6803252678          0.0          
56.9320691396          0.0          
57.1478496064          0.0          
57.3995934948          0.0          
57.6513373926          0.0          
57.9030812979          0.0          
58.1548252143          0.0          
58.4065691382          0.0          
58.6583130676          2.0          
58.9100570101          1.0          
59.1618009582          0.0          
59.4135449175          0.0          
59.6652888823          1.0          
59.9170328602          1.0          
60.1687768437          0.0          
60.4205208384          0.0          
60.6722648405          2.0          
60.9240088519          1.0          
61.1757528707          0.0          
61.4274968989          0.0          
61.6792409364          1.0          
61.9309849832          0.0          
62.1827290375          0.0          
62.3985096645          1.0          
62.6502537355          1.0          
62.9019978158          0.0          
63.1537419036          0.0          
63.4054860026          0.0          
63.6572301108          0.0          
63.9089742247          0.0          
64.1607183497          1.0          
64.4124624822          0.0          
64.664206624          0.0          
64.9159507751          0.0          
65.1676949356          1.0          
65.4194391035          0.0          
65.6711832788          0.0          
65.9229274653          1.0          
66.1746716592          2.0          
66.4264158644          0.0          
66.6781600751          0.0          
66.929904297          2.0          
67.1816485282          1.0          
67.3974293005          0.0          
67.6491735466          0.0          
67.900917802          0.0          
68.1526620667          0.0          
68.4044063389          0.0          
68.6561506204          0.0          
68.9078949112          0.0          
69.1596392095          0.0          
69.4113835171          1.0          
69.6631278321          1.0          
69.9148721565          0.0          
70.1666164938          0.0          
70.4183608349          1.0          
70.6701051872          0.0          
70.921849547          0.0          
71.1735939179          0.0          
71.4253382944          1.0          
71.677082682          1.0          
71.928827079          0.0          
72.1805714816          1.0          
72.4323158953          0.0          
72.6480968278          1.0          
72.8998412583          1.0          
73.1515856944          1.0          
73.4033301417          1.0          
73.6550745983          1.0          
73.9068190623          0.0          
74.2736166883          0.0          
74.5253610853          0.0          
74.7771054879          0.0          
75.0288499016          0.0          
75.2446308341          0.0          
75.4963752646          0.0          
75.7481197007          0.0          
75.999864148          0.0          
76.2516086046          0.0          
76.5033530686          0.0          
