#
#  Date of conversion : 06/15/17
#  Time of conversion : 06:02:26 -05:00
#
# Fit function for dominant peak is of exponential type
#  asymmetry factor :  1.00   shape coefficient :  2.00
#
#   det.bal.  Chi^2    peak    FWHM    pos.  %bkgr.  input file
#     ??      10.09  1.36E+03  1.00  -9.517   0.91   scans/scan_0047.mda
#     ??      10.42  1.38E+03  1.03  -9.494   0.94   scans/scan_0048.mda
#     ??       6.21  1.47E+03  0.99  -9.704   0.78   scans/scan_0049.mda
#     ??      12.60  1.42E+03  0.95  -9.917   0.77   scans/scan_0050.mda
#     ??      17.87  1.37E+03  1.00  -9.450   0.39   scans/scan_0051.mda
#     ??       7.55  1.36E+03  1.00  -9.640   1.05   scans/scan_0052.mda
#     ??       7.30  1.44E+03  1.06  -9.517   0.68   scans/scan_0053.mda
#     ??      11.57  1.35E+03  1.02  -9.906   0.49   scans/scan_0054.mda
#     ??      13.22  1.45E+03  1.01  -9.638   0.51   scans/scan_0055.mda
#     ??      12.11  1.36E+03  1.06 -10.017   0.87   scans/scan_0056.mda
#     ??      10.52  1.49E+03  0.98  -9.944   0.95   scans/scan_0057.mda
#     ??      13.43  1.42E+03  1.02 -10.006   0.62   scans/scan_0058.mda
#     ??      11.70  1.47E+03  0.97 -10.369   0.96   scans/scan_0059.mda
#
 -8.94728E+01  1.29788E+01  3.62891E+00
 -8.92229E+01  1.31218E+01  3.49529E+00
 -8.89730E+01  1.15151E+01  3.47258E+00
 -8.87230E+01  1.45925E+01  4.21977E+00
 -8.84731E+01  2.21480E+01  4.89561E+00
 -8.82231E+01  2.20003E+01  4.64662E+00
 -8.79732E+01  2.05627E+01  4.06684E+00
 -8.77233E+01  1.64140E+01  3.61282E+00
 -8.74733E+01  1.07725E+01  3.01601E+00
 -8.72234E+01  1.07370E+01  3.28682E+00
 -8.69735E+01  1.00745E+01  3.15702E+00
 -8.67235E+01  1.02156E+01  3.32905E+00
 -8.64736E+01  1.30535E+01  4.02218E+00
 -8.62236E+01  1.61693E+01  3.88165E+00
 -8.59737E+01  1.57568E+01  3.58406E+00
 -8.57238E+01  1.16574E+01  3.74324E+00
 -8.54738E+01  1.48633E+01  3.92035E+00
 -8.52239E+01  1.27181E+01  3.33016E+00
 -8.49740E+01  1.33034E+01  4.29906E+00
 -8.47240E+01  1.75209E+01  3.83021E+00
 -8.44741E+01  1.58231E+01  3.77582E+00
 -8.42241E+01  1.21868E+01  3.04795E+00
 -8.39742E+01  1.30340E+01  4.06154E+00
 -8.37243E+01  1.19647E+01  2.94620E+00
 -8.34743E+01  8.94080E+00  3.23821E+00
 -8.32244E+01  1.50006E+01  4.20301E+00
 -8.29745E+01  1.92902E+01  4.50732E+00
 -8.27245E+01  1.91534E+01  3.75843E+00
 -8.24746E+01  1.17455E+01  3.48465E+00
 -8.22246E+01  1.00458E+01  3.02746E+00
 -8.19747E+01  1.03537E+01  3.09477E+00
 -8.17248E+01  1.25939E+01  3.50910E+00
 -8.14748E+01  1.07910E+01  3.63036E+00
 -8.12249E+01  1.04598E+01  2.19602E+00
 -8.09750E+01  1.25337E+01  4.25038E+00
 -8.07250E+01  1.21875E+01  3.36753E+00
 -8.04751E+01  1.48971E+01  3.90881E+00
 -8.02251E+01  1.36529E+01  3.45829E+00
 -7.99752E+01  1.13134E+01  2.77252E+00
 -7.97253E+01  9.97342E+00  3.88790E+00
 -7.94753E+01  1.61949E+01  3.86708E+00
 -7.92254E+01  1.16705E+01  2.99707E+00
 -7.89755E+01  1.21321E+01  3.93775E+00
 -7.87255E+01  1.52899E+01  3.49672E+00
 -7.84756E+01  9.47679E+00  2.66856E+00
 -7.82256E+01  9.57124E+00  3.55627E+00
 -7.79757E+01  1.29007E+01  3.98045E+00
 -7.77258E+01  1.78976E+01  3.70898E+00
 -7.74758E+01  1.06044E+01  3.48613E+00
 -7.72259E+01  1.41052E+01  3.74171E+00
 -7.69760E+01  1.62854E+01  4.53624E+00
 -7.67260E+01  1.57156E+01  2.74852E+00
 -7.64761E+01  8.83153E+00  3.28751E+00
 -7.62261E+01  1.30321E+01  3.36589E+00
 -7.59762E+01  9.85234E+00  3.36476E+00
 -7.57263E+01  1.07362E+01  3.48082E+00
 -7.54763E+01  1.78425E+01  4.19108E+00
 -7.52264E+01  1.07547E+01  3.31976E+00
 -7.49765E+01  1.64177E+01  4.11977E+00
 -7.47265E+01  1.78830E+01  3.93772E+00
 -7.44766E+01  1.36230E+01  4.18544E+00
 -7.42266E+01  1.63940E+01  3.78322E+00
 -7.39767E+01  1.46190E+01  3.73977E+00
 -7.37268E+01  1.35385E+01  3.16041E+00
 -7.34768E+01  1.19894E+01  3.74140E+00
 -7.32269E+01  1.50135E+01  4.02782E+00
 -7.29770E+01  1.49991E+01  3.59141E+00
 -7.27270E+01  1.44918E+01  4.03476E+00
 -7.24771E+01  1.44000E+01  3.59923E+00
 -7.22271E+01  1.70425E+01  3.65519E+00
 -7.19772E+01  1.04246E+01  3.94798E+00
 -7.17273E+01  1.61500E+01  3.19141E+00
 -7.14773E+01  1.03087E+01  3.86581E+00
 -7.12274E+01  1.66795E+01  3.33578E+00
 -7.09775E+01  7.21715E+00  2.54697E+00
 -7.07275E+01  8.16448E+00  3.61117E+00
 -7.04776E+01  1.24295E+01  3.82191E+00
 -7.02276E+01  1.47592E+01  2.81819E+00
 -6.99777E+01  8.46627E+00  3.29114E+00
 -6.97278E+01  1.22952E+01  3.66899E+00
 -6.94778E+01  1.33254E+01  3.72759E+00
 -6.92279E+01  1.49770E+01  3.97388E+00
 -6.89780E+01  1.86638E+01  4.06202E+00
 -6.87280E+01  1.38203E+01  3.66333E+00
 -6.84781E+01  1.13491E+01  3.04538E+00
 -6.82281E+01  1.45387E+01  4.46637E+00
 -6.79782E+01  1.78357E+01  4.30560E+00
 -6.77283E+01  1.71038E+01  3.99065E+00
 -6.74783E+01  1.72001E+01  3.62484E+00
 -6.72284E+01  1.06039E+01  2.60362E+00
 -6.69785E+01  1.00165E+01  3.43278E+00
 -6.67285E+01  1.14328E+01  3.27093E+00
 -6.64786E+01  9.36078E+00  3.19497E+00
 -6.62286E+01  1.00940E+01  2.85073E+00
 -6.59787E+01  9.72391E+00  3.42350E+00
 -6.57288E+01  1.20093E+01  3.04494E+00
 -6.54788E+01  9.35482E+00  3.69945E+00
 -6.52289E+01  1.48972E+01  3.60491E+00
 -6.49790E+01  1.02975E+01  3.68506E+00
 -6.47290E+01  1.54228E+01  3.49613E+00
 -6.44791E+01  1.33285E+01  3.97057E+00
 -6.42291E+01  1.37290E+01  3.10513E+00
 -6.39792E+01  1.22566E+01  3.55928E+00
 -6.37293E+01  1.02099E+01  3.40286E+00
 -6.34793E+01  1.30378E+01  3.92440E+00
 -6.32294E+01  1.91931E+01  3.98909E+00
 -6.29795E+01  1.19759E+01  3.74603E+00
 -6.27295E+01  1.54295E+01  3.63754E+00
 -6.24796E+01  1.34061E+01  3.37068E+00
 -6.22296E+01  1.15160E+01  4.12361E+00
 -6.19797E+01  1.62238E+01  3.65190E+00
 -6.17298E+01  1.31830E+01  3.03039E+00
 -6.14798E+01  7.98486E+00  3.29754E+00
 -6.12299E+01  1.34504E+01  3.60177E+00
 -6.09800E+01  1.36097E+01  3.84582E+00
 -6.07300E+01  1.31441E+01  3.20674E+00
 -6.04801E+01  1.04415E+01  3.70955E+00
 -6.02301E+01  1.45034E+01  3.24342E+00
 -5.99802E+01  9.52717E+00  3.20601E+00
 -5.97303E+01  1.16784E+01  3.35041E+00
 -5.94803E+01  1.05572E+01  3.77611E+00
 -5.92304E+01  1.46200E+01  3.33063E+00
 -5.89805E+01  1.02962E+01  3.45775E+00
 -5.87305E+01  1.30268E+01  3.21267E+00
 -5.84806E+01  1.04125E+01  3.24537E+00
 -5.82306E+01  8.94924E+00  3.32843E+00
 -5.79807E+01  1.52373E+01  4.45656E+00
 -5.77308E+01  1.82748E+01  3.62087E+00
 -5.74808E+01  1.32388E+01  3.58399E+00
 -5.72309E+01  1.54747E+01  4.42215E+00
 -5.69810E+01  1.49765E+01  2.83202E+00
 -5.67310E+01  9.99390E+00  3.81937E+00
 -5.64811E+01  1.68777E+01  3.55997E+00
 -5.62311E+01  8.70220E+00  2.90489E+00
 -5.59812E+01  1.06355E+01  4.07410E+00
 -5.57313E+01  1.89745E+01  4.16075E+00
 -5.54813E+01  1.55402E+01  4.22163E+00
 -5.52314E+01  1.51571E+01  2.97142E+00
 -5.49815E+01  1.01126E+01  3.04988E+00
 -5.47315E+01  9.37866E+00  3.45262E+00
 -5.44816E+01  1.39903E+01  3.87064E+00
 -5.42316E+01  1.36221E+01  2.67761E+00
 -5.39817E+01  9.09229E+00  3.55036E+00
 -5.37318E+01  1.32478E+01  4.28246E+00
 -5.34818E+01  1.97117E+01  4.01590E+00
 -5.32319E+01  1.22263E+01  2.79856E+00
 -5.29820E+01  6.99300E+00  3.10926E+00
 -5.27320E+01  9.84112E+00  2.68450E+00
 -5.24821E+01  1.21409E+01  3.87888E+00
 -5.22321E+01  1.45152E+01  4.36418E+00
 -5.19822E+01  2.20375E+01  4.47979E+00
 -5.17323E+01  1.70663E+01  3.66884E+00
 -5.14823E+01  1.32949E+01  2.98742E+00
 -5.12324E+01  6.20953E+00  2.34455E+00
 -5.09825E+01  7.58445E+00  3.52762E+00
 -5.07325E+01  1.53205E+01  3.59155E+00
 -5.04826E+01  1.17657E+01  3.35418E+00
 -5.02326E+01  9.34092E+00  2.91188E+00
 -4.99827E+01  1.21053E+01  3.83952E+00
 -4.97328E+01  1.23440E+01  2.69600E+00
 -4.94828E+01  8.31246E+00  3.77478E+00
 -4.92329E+01  1.41485E+01  3.43552E+00
 -4.89830E+01  1.19919E+01  3.59224E+00
 -4.87330E+01  1.11758E+01  3.56390E+00
 -4.84831E+01  1.39823E+01  3.42646E+00
 -4.82331E+01  1.62916E+01  4.01647E+00
 -4.79832E+01  1.30414E+01  3.52229E+00
 -4.77333E+01  1.15432E+01  2.95266E+00
 -4.74833E+01  6.88984E+00  2.46121E+00
 -4.72334E+01  1.11994E+01  3.95852E+00
 -4.69835E+01  1.40572E+01  3.21805E+00
 -4.67335E+01  1.32809E+01  4.29034E+00
 -4.64836E+01  1.47909E+01  2.85378E+00
 -4.62336E+01  1.02957E+01  3.40816E+00
 -4.59837E+01  1.12925E+01  3.53781E+00
 -4.57338E+01  1.34657E+01  3.58092E+00
 -4.54838E+01  1.20501E+01  3.36504E+00
 -4.52339E+01  1.13377E+01  2.92134E+00
 -4.49840E+01  6.78696E+00  2.76441E+00
 -4.47340E+01  7.31330E+00  2.37547E+00
 -4.44841E+01  8.35483E+00  2.83738E+00
 -4.42341E+01  7.30253E+00  3.00428E+00
 -4.39842E+01  1.51700E+01  4.25898E+00
 -4.37343E+01  1.39862E+01  3.47823E+00
 -4.34843E+01  9.26729E+00  2.84816E+00
 -4.32344E+01  1.04109E+01  3.65598E+00
 -4.29845E+01  1.67837E+01  3.93027E+00
 -4.27345E+01  1.40447E+01  3.92353E+00
 -4.24846E+01  1.50889E+01  3.71730E+00
 -4.22346E+01  1.29334E+01  3.93402E+00
 -4.19847E+01  1.54415E+01  3.63418E+00
 -4.17348E+01  1.21604E+01  2.86719E+00
 -4.14848E+01  1.20997E+01  4.07233E+00
 -4.12349E+01  1.57032E+01  3.75097E+00
 -4.09850E+01  1.15385E+01  3.34312E+00
 -4.07350E+01  1.03543E+01  3.44410E+00
 -4.04851E+01  1.18173E+01  3.20864E+00
 -4.02351E+01  1.20048E+01  3.43699E+00
 -3.99852E+01  1.33771E+01  3.70997E+00
 -3.97353E+01  1.50290E+01  4.15807E+00
 -3.94853E+01  1.49386E+01  3.19576E+00
 -3.92354E+01  9.23306E+00  3.31931E+00
 -3.89855E+01  1.50340E+01  3.64728E+00
 -3.87355E+01  1.19887E+01  3.61347E+00
 -3.84856E+01  1.20927E+01  3.41510E+00
 -3.82356E+01  1.50196E+01  4.07502E+00
 -3.79857E+01  1.48919E+01  3.97361E+00
 -3.77358E+01  1.60390E+01  3.51094E+00
 -3.74858E+01  1.13512E+01  3.55872E+00
 -3.72359E+01  1.29010E+01  3.70652E+00
 -3.69860E+01  1.48094E+01  3.35840E+00
 -3.67360E+01  9.66421E+00  3.73286E+00
 -3.64861E+01  1.94361E+01  3.91398E+00
 -3.62361E+01  1.20933E+01  3.31974E+00
 -3.59862E+01  9.67901E+00  3.06722E+00
 -3.57363E+01  1.30572E+01  4.02853E+00
 -3.54863E+01  1.54352E+01  3.58585E+00
 -3.52364E+01  1.10756E+01  3.09922E+00
 -3.49865E+01  8.03650E+00  2.98403E+00
 -3.47365E+01  1.13979E+01  3.27581E+00
 -3.44866E+01  1.15423E+01  3.79569E+00
 -3.42366E+01  1.37062E+01  3.08059E+00
 -3.39867E+01  8.44935E+00  3.21540E+00
 -3.37368E+01  1.43768E+01  4.20881E+00
 -3.34868E+01  1.57844E+01  3.41424E+00
 -3.32369E+01  1.23318E+01  3.38002E+00
 -3.29870E+01  6.87162E+00  2.48567E+00
 -3.27370E+01  1.07462E+01  3.73577E+00
 -3.24871E+01  1.40690E+01  3.19392E+00
 -3.22371E+01  1.09169E+01  4.05332E+00
 -3.19872E+01  1.84763E+01  4.21880E+00
 -3.17373E+01  1.77098E+01  3.93396E+00
 -3.14873E+01  1.52376E+01  4.10944E+00
 -3.12374E+01  1.59837E+01  3.62652E+00
 -3.09875E+01  1.10587E+01  3.14198E+00
 -3.07375E+01  1.21911E+01  3.72734E+00
 -3.04876E+01  1.68568E+01  4.32735E+00
 -3.02376E+01  1.32814E+01  3.05717E+00
 -2.99877E+01  9.73154E+00  3.09398E+00
 -2.97378E+01  1.10793E+01  2.98948E+00
 -2.94878E+01  9.71201E+00  3.32235E+00
 -2.92379E+01  1.23475E+01  3.32872E+00
 -2.89880E+01  9.45608E+00  3.68799E+00
 -2.87380E+01  1.33676E+01  3.09124E+00
 -2.84881E+01  1.23018E+01  4.18242E+00
 -2.82381E+01  1.24631E+01  2.73302E+00
 -2.79882E+01  1.21312E+01  3.92250E+00
 -2.77383E+01  1.45122E+01  3.32590E+00
 -2.74883E+01  1.17082E+01  3.39573E+00
 -2.72384E+01  1.38173E+01  4.45544E+00
 -2.69885E+01  1.77053E+01  3.66791E+00
 -2.67385E+01  1.27904E+01  3.36946E+00
 -2.64886E+01  1.30910E+01  3.48352E+00
 -2.62386E+01  1.12829E+01  3.62727E+00
 -2.59887E+01  1.59896E+01  4.11368E+00
 -2.57388E+01  1.46629E+01  3.59988E+00
 -2.54888E+01  1.29618E+01  4.62313E+00
 -2.52389E+01  2.21105E+01  3.85623E+00
 -2.49890E+01  1.40653E+01  3.47856E+00
 -2.47390E+01  1.55090E+01  4.20873E+00
 -2.44891E+01  1.46798E+01  3.60309E+00
 -2.42391E+01  1.30601E+01  3.72933E+00
 -2.39892E+01  1.33326E+01  3.35577E+00
 -2.37393E+01  1.34541E+01  3.74122E+00
 -2.34893E+01  1.27420E+01  4.24844E+00
 -2.32394E+01  2.25321E+01  4.49888E+00
 -2.29895E+01  1.46215E+01  3.40374E+00
 -2.27395E+01  1.20466E+01  3.27516E+00
 -2.24896E+01  8.95136E+00  2.81720E+00
 -2.22396E+01  7.82362E+00  2.96294E+00
 -2.19897E+01  1.18641E+01  3.56658E+00
 -2.17398E+01  1.48148E+01  3.59457E+00
 -2.14898E+01  1.26421E+01  3.65569E+00
 -2.12399E+01  1.01389E+01  3.31654E+00
 -2.09900E+01  1.18775E+01  2.80538E+00
 -2.07400E+01  8.28631E+00  3.20193E+00
 -2.04901E+01  1.27550E+01  4.06952E+00
 -2.02401E+01  1.57886E+01  4.00706E+00
 -1.99902E+01  1.75517E+01  3.64263E+00
 -1.97403E+01  1.39703E+01  4.13200E+00
 -1.94903E+01  1.75906E+01  3.38721E+00
 -1.92404E+01  5.95383E+00  2.54819E+00
 -1.89905E+01  9.86564E+00  3.13771E+00
 -1.87405E+01  8.62029E+00  3.06825E+00
 -1.84906E+01  1.25562E+01  4.01087E+00
 -1.82406E+01  1.85226E+01  3.73092E+00
 -1.79907E+01  9.90061E+00  3.70249E+00
 -1.77408E+01  1.35269E+01  3.36218E+00
 -1.74908E+01  1.12496E+01  3.58661E+00
 -1.72409E+01  1.38344E+01  3.57273E+00
 -1.69910E+01  1.32132E+01  3.33641E+00
 -1.67410E+01  1.28766E+01  4.08116E+00
 -1.64911E+01  1.59409E+01  4.04723E+00
 -1.62411E+01  1.49113E+01  2.83531E+00
 -1.59912E+01  1.16953E+01  3.88691E+00
 -1.57413E+01  1.16238E+01  3.40251E+00
 -1.54913E+01  1.16539E+01  3.42233E+00
 -1.52414E+01  1.32920E+01  3.61258E+00
 -1.49915E+01  1.33824E+01  3.59984E+00
 -1.47415E+01  1.32533E+01  3.08417E+00
 -1.44916E+01  1.03248E+01  3.85148E+00
 -1.42416E+01  1.42902E+01  3.55678E+00
 -1.39917E+01  1.39417E+01  3.88452E+00
 -1.37418E+01  1.10542E+01  2.84020E+00
 -1.34918E+01  8.94582E+00  3.21609E+00
 -1.32419E+01  1.22096E+01  3.69350E+00
 -1.29920E+01  1.63584E+01  4.11590E+00
 -1.27420E+01  1.91385E+01  4.83106E+00
 -1.24921E+01  1.84050E+01  3.63037E+00
 -1.22421E+01  1.15683E+01  3.34879E+00
 -1.19922E+01  1.59790E+01  3.43851E+00
 -1.17423E+01  1.19572E+01  4.12661E+00
 -1.14923E+01  1.31426E+01  3.31802E+00
 -1.12424E+01  1.51018E+01  4.61763E+00
 -1.09925E+01  2.43497E+01  4.15295E+00
 -1.07425E+01  1.27143E+01  3.56260E+00
 -1.04926E+01  1.18441E+01  3.35740E+00
 -1.02426E+01  1.53151E+01  4.27147E+00
 -9.99271E+00  1.77517E+01  4.56196E+00
 -9.74277E+00  2.05100E+01  3.96669E+00
 -9.49283E+00  1.25260E+01  3.33093E+00
 -9.24290E+00  1.36524E+01  4.27989E+00
 -8.99296E+00  1.79225E+01  3.06248E+00
 -8.74302E+00  9.71629E+00  3.74354E+00
 -8.49308E+00  1.31215E+01  3.85432E+00
 -8.24315E+00  1.80684E+01  4.32995E+00
 -7.99321E+00  1.66977E+01  3.47152E+00
 -7.74327E+00  1.07363E+01  3.24024E+00
 -7.49333E+00  1.10278E+01  3.70282E+00
 -7.24340E+00  2.18413E+01  5.25092E+00
 -6.99346E+00  2.01279E+01  3.40620E+00
 -6.74352E+00  1.32122E+01  4.07666E+00
 -6.49358E+00  1.44897E+01  3.97970E+00
 -6.24365E+00  2.00871E+01  4.54865E+00
 -5.99371E+00  2.00136E+01  4.11317E+00
 -5.74377E+00  1.57575E+01  3.82917E+00
 -5.49383E+00  1.42422E+01  3.90733E+00
 -5.24390E+00  1.68127E+01  4.13490E+00
 -4.99396E+00  2.01482E+01  4.62691E+00
 -4.74402E+00  2.15732E+01  4.55864E+00
 -4.49408E+00  1.78411E+01  4.25411E+00
 -4.24415E+00  1.84007E+01  4.67541E+00
 -3.99421E+00  2.42191E+01  5.45348E+00
 -3.74427E+00  3.24462E+01  5.67545E+00
 -3.49433E+00  3.80371E+01  6.47797E+00
 -3.24440E+00  4.14149E+01  6.82721E+00
 -2.99446E+00  5.84866E+01  8.57622E+00
 -2.74452E+00  8.46903E+01  9.92820E+00
 -2.49458E+00  1.01229E+02  1.09992E+01
 -2.24465E+00  1.45798E+02  1.40005E+01
 -1.99471E+00  2.49092E+02  1.82248E+01
 -1.74477E+00  4.23263E+02  2.44587E+01
 -1.49483E+00  7.38951E+02  2.96005E+01
 -1.24490E+00  1.02484E+03  3.73997E+01
 -9.94958E-01  1.75633E+03  5.20737E+01
 -7.45021E-01  3.84915E+03  7.85182E+01
 -4.95083E-01  8.71025E+03  1.11274E+02
 -2.45146E-01  1.56339E+04  1.35285E+02
  4.79176E-03  1.94740E+04  1.35886E+02
  2.54729E-01  1.65160E+04  1.10879E+02
  5.04667E-01  8.90509E+03  7.37400E+01
  7.54604E-01  3.37604E+03  4.63872E+01
  1.00454E+00  1.46928E+03  3.34451E+01
  1.25448E+00  7.62515E+02  2.18007E+01
  1.50442E+00  3.42477E+02  1.58448E+01
  1.75435E+00  1.98068E+02  1.23845E+01
  2.00429E+00  1.06601E+02  9.43553E+00
  2.25423E+00  8.51361E+01  9.20004E+00
  2.50417E+00  7.97680E+01  7.75132E+00
  2.75410E+00  5.52887E+01  7.45790E+00
  3.00404E+00  4.42938E+01  5.73520E+00
  3.25398E+00  3.22763E+01  5.50686E+00
  3.50392E+00  2.95681E+01  5.65470E+00
  3.75385E+00  3.52671E+01  6.53424E+00
  4.00379E+00  3.99145E+01  5.46695E+00
  4.25373E+00  2.43153E+01  4.04235E+00
  4.50367E+00  2.06806E+01  5.58271E+00
  4.75360E+00  2.90420E+01  4.56416E+00
  5.00354E+00  1.88825E+01  4.47958E+00
  5.25348E+00  1.92376E+01  4.29981E+00
  5.50342E+00  1.80288E+01  3.72014E+00
  5.75335E+00  1.61980E+01  4.37137E+00
  6.00329E+00  1.75436E+01  3.67455E+00
  6.25323E+00  1.12922E+01  3.30941E+00
  6.50317E+00  1.21665E+01  3.28513E+00
  6.75310E+00  7.80443E+00  2.54410E+00
  7.00304E+00  1.34746E+01  4.62259E+00
  7.25298E+00  2.09252E+01  4.12297E+00
  7.50292E+00  1.39104E+01  3.74963E+00
  7.75285E+00  1.40253E+01  3.95813E+00
  8.00279E+00  1.95713E+01  4.65224E+00
  8.25273E+00  1.66169E+01  3.91288E+00
  8.50267E+00  1.73333E+01  3.87711E+00
  8.75260E+00  1.70708E+01  4.19646E+00
  9.00254E+00  1.45575E+01  3.20447E+00
  9.25248E+00  1.10775E+01  3.51568E+00
  9.50242E+00  1.21021E+01  3.78763E+00
  9.75235E+00  1.69614E+01  3.93698E+00
  1.00023E+01  1.43760E+01  4.19958E+00
  1.02522E+01  1.77620E+01  3.81646E+00
  1.05022E+01  1.25166E+01  3.05247E+00
  1.07521E+01  8.82292E+00  3.04115E+00
  1.10020E+01  1.19533E+01  3.68835E+00
  1.12520E+01  1.42463E+01  4.03348E+00
  1.15019E+01  1.48265E+01  4.32346E+00
  1.17519E+01  1.92672E+01  3.29409E+00
  1.20018E+01  1.19663E+01  3.74700E+00
  1.22517E+01  1.42365E+01  3.85796E+00
  1.25017E+01  1.86560E+01  4.11985E+00
  1.27516E+01  1.19824E+01  3.24716E+00
  1.30015E+01  1.22289E+01  3.70208E+00
  1.32515E+01  1.41867E+01  4.46338E+00
  1.35014E+01  2.50304E+01  4.78587E+00
  1.37514E+01  1.64263E+01  3.23623E+00
  1.40013E+01  8.97456E+00  2.85815E+00
  1.42512E+01  9.98707E+00  3.29020E+00
  1.45012E+01  1.00837E+01  3.35187E+00
  1.47511E+01  1.13637E+01  3.50701E+00
  1.50010E+01  1.47377E+01  3.74267E+00
  1.52510E+01  1.48019E+01  3.74425E+00
  1.55009E+01  1.41974E+01  3.89821E+00
  1.57509E+01  1.25254E+01  2.98558E+00
  1.60008E+01  1.00983E+01  3.44782E+00
  1.62507E+01  1.14413E+01  3.31095E+00
  1.65007E+01  1.14556E+01  3.44367E+00
  1.67506E+01  1.18849E+01  3.01122E+00
  1.70005E+01  1.04321E+01  3.88559E+00
  1.72505E+01  1.58833E+01  3.89830E+00
  1.75004E+01  1.44443E+01  3.72876E+00
  1.77504E+01  1.65713E+01  4.08249E+00
  1.80003E+01  1.38198E+01  3.47561E+00
  1.82502E+01  1.55000E+01  4.01673E+00
  1.85002E+01  1.38394E+01  3.59549E+00
  1.87501E+01  1.14903E+01  3.67686E+00
  1.90000E+01  1.89622E+01  4.25472E+00
  1.92500E+01  1.27278E+01  3.51223E+00
  1.94999E+01  1.53928E+01  3.85711E+00
  1.97499E+01  1.77783E+01  4.22091E+00
  1.99998E+01  1.45606E+01  4.10834E+00
  2.02497E+01  1.33271E+01  2.86145E+00
  2.04997E+01  1.22268E+01  3.74963E+00
  2.07496E+01  1.80505E+01  4.62386E+00
  2.09995E+01  1.66404E+01  3.63123E+00
  2.12495E+01  1.60623E+01  4.32840E+00
  2.14994E+01  1.51583E+01  3.51419E+00
  2.17494E+01  1.32080E+01  3.73865E+00
  2.19993E+01  1.30889E+01  2.99132E+00
  2.22492E+01  9.68163E+00  3.63067E+00
  2.24992E+01  1.27579E+01  3.73164E+00
  2.27491E+01  1.43180E+01  3.73384E+00
  2.29990E+01  1.55277E+01  3.44652E+00
  2.32490E+01  1.65723E+01  4.21119E+00
  2.34989E+01  9.56460E+00  3.07695E+00
  2.37489E+01  1.19966E+01  3.57769E+00
  2.39988E+01  1.29345E+01  3.09807E+00
  2.42487E+01  1.10126E+01  3.76592E+00
  2.44987E+01  1.53163E+01  3.95703E+00
  2.47486E+01  1.39696E+01  3.78503E+00
  2.49985E+01  1.55753E+01  4.06159E+00
  2.52485E+01  1.85283E+01  4.27617E+00
  2.54984E+01  1.48839E+01  3.90379E+00
  2.57484E+01  1.42638E+01  3.15538E+00
  2.59983E+01  1.95655E+01  4.70088E+00
  2.62482E+01  1.46749E+01  3.14460E+00
  2.64982E+01  1.02678E+01  4.12009E+00
  2.67481E+01  1.73130E+01  4.15513E+00
  2.69980E+01  1.74221E+01  4.12550E+00
  2.72480E+01  2.08696E+01  4.86575E+00
  2.74979E+01  2.09676E+01  4.02874E+00
  2.77479E+01  1.36375E+01  3.14984E+00
  2.79978E+01  1.00322E+01  3.45063E+00
  2.82477E+01  1.46525E+01  3.25130E+00
  2.84977E+01  8.37675E+00  3.38593E+00
  2.87476E+01  1.49551E+01  4.30234E+00
  2.89975E+01  1.25069E+01  2.55630E+00
  2.92475E+01  9.37768E+00  3.10402E+00
  2.94974E+01  9.10128E+00  3.44971E+00
  2.97474E+01  1.30245E+01  3.08487E+00
  2.99973E+01  1.16627E+01  3.84979E+00
  3.02472E+01  1.21057E+01  3.33981E+00
  3.04972E+01  1.23468E+01  3.29005E+00
  3.07471E+01  1.26539E+01  3.91515E+00
  3.09970E+01  1.75089E+01  3.94178E+00
  3.12470E+01  1.45210E+01  3.60653E+00
  3.14969E+01  1.15031E+01  3.62975E+00
  3.17469E+01  1.16623E+01  3.55399E+00
  3.19968E+01  1.50452E+01  3.54338E+00
  3.22467E+01  1.12647E+01  3.32148E+00
  3.24967E+01  1.62395E+01  4.31934E+00
  3.27466E+01  1.45173E+01  3.09318E+00
  3.29965E+01  9.29597E+00  3.46185E+00
  3.32465E+01  1.19676E+01  4.05071E+00
  3.34964E+01  1.89541E+01  4.12769E+00
  3.37464E+01  1.72295E+01  3.45390E+00
  3.39963E+01  1.09362E+01  3.79159E+00
  3.42462E+01  1.69542E+01  4.23958E+00
  3.44962E+01  1.76482E+01  3.86333E+00
  3.47461E+01  1.34417E+01  3.88420E+00
  3.49960E+01  1.27591E+01  3.31665E+00
  3.52460E+01  1.19437E+01  3.70017E+00
  3.54959E+01  1.61886E+01  3.75706E+00
  3.57459E+01  1.44380E+01  3.87026E+00
  3.59958E+01  1.60274E+01  4.02848E+00
  3.62457E+01  1.25460E+01  3.23740E+00
  3.64957E+01  1.27744E+01  4.09358E+00
  3.67456E+01  1.43940E+01  3.52559E+00
  3.69955E+01  1.49085E+01  3.58879E+00
  3.72455E+01  9.28114E+00  2.57052E+00
  3.74954E+01  1.04609E+01  3.71835E+00
  3.77454E+01  1.08825E+01  2.66997E+00
  3.79953E+01  8.04337E+00  2.66314E+00
  3.82452E+01  1.22952E+01  3.72148E+00
  3.84952E+01  1.02450E+01  3.32240E+00
  3.87451E+01  1.23730E+01  3.17195E+00
  3.89950E+01  1.02707E+01  3.58765E+00
  3.92450E+01  1.27141E+01  3.37971E+00
  3.94949E+01  1.46475E+01  4.37027E+00
  3.97449E+01  1.80367E+01  4.35979E+00
  3.99948E+01  1.67395E+01  3.16718E+00
  4.02447E+01  1.24891E+01  3.97452E+00
  4.04947E+01  1.38074E+01  3.63351E+00
  4.07446E+01  1.64482E+01  4.44368E+00
  4.09945E+01  1.95682E+01  3.67521E+00
  4.12445E+01  1.13592E+01  3.12852E+00
  4.14944E+01  6.07819E+00  2.47604E+00
  4.17444E+01  1.43433E+01  4.09748E+00
  4.19943E+01  1.38074E+01  4.17047E+00
  4.22442E+01  1.83840E+01  4.38682E+00
  4.24942E+01  1.74787E+01  3.92065E+00
  4.27441E+01  1.84365E+01  4.37113E+00
  4.29940E+01  1.89261E+01  3.79608E+00
  4.32440E+01  1.07700E+01  3.03180E+00
  4.34939E+01  1.47199E+01  4.33911E+00
  4.37439E+01  1.47027E+01  3.45337E+00
  4.39938E+01  1.17680E+01  3.28560E+00
  4.42437E+01  1.05570E+01  3.86637E+00
  4.44937E+01  1.41053E+01  3.53164E+00
  4.47436E+01  1.57562E+01  3.97324E+00
  4.49935E+01  1.43303E+01  3.88781E+00
  4.52435E+01  1.64085E+01  3.81824E+00
  4.54934E+01  1.23388E+01  3.35746E+00
  4.57434E+01  1.52123E+01  4.44851E+00
  4.59933E+01  1.89472E+01  4.06785E+00
  4.62432E+01  1.44489E+01  3.31562E+00
  4.64932E+01  1.27643E+01  3.73945E+00
  4.67431E+01  1.17598E+01  3.23052E+00
  4.69930E+01  9.57897E+00  3.28820E+00
  4.72430E+01  1.10749E+01  3.27072E+00
  4.74929E+01  1.00423E+01  2.74742E+00
  4.77429E+01  8.93845E+00  3.31920E+00
  4.79928E+01  1.13868E+01  3.18333E+00
  4.82427E+01  9.98392E+00  3.27085E+00
  4.84927E+01  9.86688E+00  3.37386E+00
  4.87426E+01  9.40842E+00  2.89066E+00
  4.89925E+01  1.00801E+01  3.43729E+00
  4.92425E+01  1.13464E+01  2.51434E+00
  4.94924E+01  1.31325E+01  3.99695E+00
  4.97424E+01  1.24037E+01  3.39229E+00
  4.99923E+01  1.27440E+01  3.45923E+00
  5.02422E+01  1.17241E+01  4.01747E+00
  5.04922E+01  1.89975E+01  4.39836E+00
  5.07421E+01  1.60505E+01  3.84135E+00
  5.09920E+01  1.35222E+01  3.44936E+00
  5.12420E+01  1.45396E+01  3.66493E+00
  5.14919E+01  1.66983E+01  4.25860E+00
  5.17419E+01  1.64993E+01  3.84597E+00
  5.19918E+01  1.45564E+01  4.28398E+00
  5.22417E+01  1.63524E+01  3.50894E+00
  5.24917E+01  1.12702E+01  2.86341E+00
  5.27416E+01  8.79706E+00  3.18473E+00
  5.29915E+01  1.36320E+01  3.94906E+00
  5.32415E+01  1.46961E+01  4.10684E+00
  5.34914E+01  1.34420E+01  3.50866E+00
  5.37414E+01  1.18288E+01  3.29479E+00
  5.39913E+01  9.48603E+00  3.01196E+00
  5.42412E+01  1.12432E+01  3.44527E+00
  5.44912E+01  1.72947E+01  4.56139E+00
  5.47411E+01  1.54130E+01  3.18442E+00
  5.49910E+01  1.32673E+01  3.61150E+00
  5.52410E+01  1.19760E+01  4.20018E+00
  5.54909E+01  1.52182E+01  2.78471E+00
  5.57409E+01  8.21937E+00  3.11790E+00
  5.59908E+01  1.22081E+01  4.06665E+00
  5.62407E+01  1.40117E+01  2.93142E+00
  5.64907E+01  9.23326E+00  3.30625E+00
  5.67406E+01  1.15850E+01  3.48221E+00
  5.69905E+01  1.10934E+01  3.43332E+00
  5.72405E+01  1.05156E+01  2.44646E+00
  5.74904E+01  6.62033E+00  3.45388E+00
  5.77404E+01  1.61581E+01  3.81617E+00
  5.79903E+01  1.19748E+01  3.20862E+00
  5.82402E+01  1.06974E+01  3.18679E+00
  5.84902E+01  1.28512E+01  4.29496E+00
  5.87401E+01  2.16875E+01  4.18423E+00
  5.89900E+01  1.45183E+01  4.36270E+00
  5.92400E+01  1.49757E+01  3.06201E+00
  5.94899E+01  1.30707E+01  4.24677E+00
  5.97399E+01  1.71156E+01  4.21671E+00
  5.99898E+01  1.97435E+01  3.91420E+00
  6.02397E+01  1.30031E+01  3.76993E+00
  6.04897E+01  1.49229E+01  3.37034E+00
  6.07396E+01  1.11728E+01  3.95401E+00
  6.09895E+01  1.61414E+01  3.73993E+00
  6.12395E+01  1.25118E+01  3.74131E+00
  6.14894E+01  1.51852E+01  3.84288E+00
  6.17394E+01  1.08048E+01  2.40790E+00
  6.19893E+01  7.76168E+00  3.33780E+00
  6.22392E+01  9.77595E+00  3.18560E+00
  6.24892E+01  1.52715E+01  3.71227E+00
  6.27391E+01  9.77300E+00  2.90950E+00
  6.29890E+01  9.32347E+00  3.34172E+00
  6.32390E+01  1.00067E+01  3.12023E+00
  6.34889E+01  8.40128E+00  2.67487E+00
  6.37389E+01  1.18914E+01  3.71000E+00
  6.39888E+01  1.27193E+01  3.08465E+00
  6.42387E+01  1.09946E+01  3.80970E+00
  6.44887E+01  1.29613E+01  3.33822E+00
  6.47386E+01  1.00417E+01  2.83892E+00
  6.49885E+01  9.82078E+00  3.42824E+00
  6.52385E+01  1.22142E+01  3.31725E+00
  6.54884E+01  1.24451E+01  3.84426E+00
  6.57384E+01  1.33464E+01  3.07067E+00
  6.59883E+01  1.04633E+01  4.13156E+00
  6.62382E+01  1.53684E+01  3.67091E+00
  6.64882E+01  1.76463E+01  4.29781E+00
  6.67381E+01  1.41353E+01  3.05690E+00
  6.69880E+01  1.45832E+01  4.41748E+00
  6.72380E+01  1.45279E+01  3.40177E+00
  6.74879E+01  1.16211E+01  3.60221E+00
  6.77379E+01  1.42943E+01  3.72178E+00
  6.79878E+01  1.17776E+01  2.78889E+00
  6.82377E+01  9.77766E+00  3.66177E+00
  6.84877E+01  9.26804E+00  2.72635E+00
  6.87376E+01  1.38290E+01  3.95127E+00
  6.89875E+01  1.06414E+01  2.86949E+00
  6.92375E+01  1.11502E+01  3.61645E+00
  6.94874E+01  1.34505E+01  3.11394E+00
  6.97374E+01  1.01556E+01  3.80301E+00
  6.99873E+01  1.54015E+01  3.99465E+00
  7.02372E+01  1.21467E+01  2.75769E+00
  7.04872E+01  1.30269E+01  4.25765E+00
  7.07371E+01  1.98027E+01  4.25452E+00
  7.09870E+01  1.33564E+01  3.78483E+00
  7.12370E+01  1.77913E+01  4.10870E+00
  7.14869E+01  1.22953E+01  2.97141E+00
  7.17369E+01  1.17561E+01  3.82772E+00
  7.19868E+01  1.26969E+01  3.21264E+00
  7.22367E+01  1.08824E+01  3.43361E+00
  7.24867E+01  1.08201E+01  3.73636E+00
  7.27366E+01  1.54200E+01  3.48937E+00
  7.29865E+01  1.04321E+01  3.28303E+00
  7.32365E+01  1.46668E+01  3.84849E+00
  7.34864E+01  1.49872E+01  3.79405E+00
  7.37364E+01  1.16329E+01  3.53853E+00
  7.39863E+01  1.04975E+01  3.17169E+00
  7.42362E+01  1.16160E+01  3.52063E+00
  7.44862E+01  1.43957E+01  3.86301E+00
  7.47361E+01  1.23997E+01  3.15463E+00
  7.49860E+01  8.17184E+00  2.93407E+00
  7.52360E+01  1.11301E+01  3.26927E+00
  7.54859E+01  1.41203E+01  4.10957E+00
  7.57359E+01  1.26763E+01  3.35051E+00
  7.59858E+01  1.19197E+01  3.49238E+00
  7.62357E+01  1.46683E+01  4.08507E+00
  7.64857E+01  1.28544E+01  2.73740E+00
  7.67356E+01  8.58770E+00  3.42517E+00
  7.69855E+01  1.30304E+01  3.51863E+00
  7.72355E+01  9.14252E+00  2.92037E+00
  7.74854E+01  1.00601E+01  3.02762E+00
  7.77354E+01  1.14377E+01  3.21584E+00
  7.79853E+01  8.96860E+00  3.61550E+00
  7.82352E+01  1.47360E+01  4.22312E+00
  7.84852E+01  1.66060E+01  2.90070E+00
  7.87351E+01  5.46875E+00  2.26293E+00
  7.89850E+01  5.29758E+00  2.01577E+00
  7.92350E+01  9.93434E+00  3.86926E+00
  7.94849E+01  1.62515E+01  3.95054E+00
  7.97349E+01  8.98675E+00  2.69961E+00
  7.99848E+01  1.31272E+01  3.74416E+00
  8.02347E+01  1.29494E+01  3.84964E+00
  8.04847E+01  1.23349E+01  2.57312E+00
  8.07346E+01  8.47905E+00  3.52522E+00
  8.09845E+01  1.27846E+01  3.59249E+00
  8.12345E+01  1.10158E+01  2.84456E+00
  8.14844E+01  8.79227E+00  3.20219E+00
  8.17344E+01  1.11679E+01  3.65782E+00
  8.19843E+01  1.20724E+01  3.36046E+00
  8.22342E+01  1.23879E+01  3.61349E+00
  8.24842E+01  1.32265E+01  3.61651E+00
  8.27341E+01  1.46618E+01  3.75869E+00
  8.29840E+01  1.32785E+01  3.97788E+00
  8.32340E+01  1.23893E+01  2.53535E+00
  8.34839E+01  1.13163E+01  4.05859E+00
  8.37339E+01  1.44624E+01  3.51030E+00
  8.39838E+01  1.21485E+01  3.06476E+00
  8.42337E+01  1.15222E+01  3.74743E+00
  8.44837E+01  1.26600E+01  3.17125E+00
  8.47336E+01  9.90234E+00  3.30817E+00
  8.49835E+01  1.07907E+01  3.50985E+00
  8.52335E+01  1.56404E+01  4.38532E+00
  8.54834E+01  2.08875E+01  4.06825E+00
  8.57334E+01  1.01764E+01  3.02245E+00
  8.59833E+01  1.28577E+01  4.01119E+00
  8.62332E+01  1.66304E+01  4.23811E+00
  8.64832E+01  1.43964E+01  3.50880E+00
  8.67331E+01  1.54329E+01  4.04425E+00
  8.69830E+01  1.44635E+01  3.81124E+00
  8.72330E+01  1.81680E+01  4.29609E+00
  8.74829E+01  1.63578E+01  3.78908E+00
  8.77329E+01  1.02284E+01  2.83241E+00
  8.79828E+01  1.11606E+01  3.59225E+00
  8.82327E+01  1.10767E+01  3.04277E+00
  8.84827E+01  9.56734E+00  2.65001E+00
  8.87326E+01  1.02681E+01  3.81216E+00
  8.89825E+01  1.44258E+01  4.40600E+00
  8.92325E+01  1.66859E+01  3.30119E+00
  8.94824E+01  1.32954E+01  3.34926E+00
  8.97324E+01  9.75777E+00  3.19381E+00
  8.99823E+01  1.12074E+01  3.64607E+00
  9.02322E+01  1.64535E+01  4.03705E+00
  9.04822E+01  1.92151E+01  4.22946E+00
  9.07321E+01  1.47470E+01  4.63150E+00
  9.09820E+01  1.59356E+01  2.77150E+00
  9.12320E+01  9.15415E+00  3.25890E+00
  9.14819E+01  1.17108E+01  3.26652E+00
  9.17319E+01  1.03035E+01  3.74867E+00
  9.19818E+01  1.39523E+01  3.04921E+00
  9.22317E+01  8.75323E+00  3.09651E+00
  9.24817E+01  1.06558E+01  4.17660E+00
  9.27316E+01  1.95406E+01  4.28704E+00
  9.29815E+01  1.56058E+01  3.76955E+00
  9.32315E+01  1.60615E+01  3.33345E+00
  9.34814E+01  1.16359E+01  3.75291E+00
  9.37314E+01  1.28839E+01  3.65503E+00
  9.39813E+01  1.37136E+01  3.14653E+00
  9.42312E+01  7.96052E+00  3.21945E+00
  9.44812E+01  1.42265E+01  4.24769E+00
  9.47311E+01  1.67007E+01  4.27017E+00
  9.49810E+01  2.01171E+01  3.64281E+00
  9.52310E+01  1.15045E+01  3.90205E+00
  9.54809E+01  1.29229E+01  3.38757E+00
  9.57309E+01  1.75307E+01  4.56897E+00
  9.59808E+01  1.94815E+01  3.90578E+00
  9.62307E+01  1.08846E+01  2.91854E+00
  9.64807E+01  9.92572E+00  3.02560E+00
  9.67306E+01  1.04550E+01  3.83870E+00
  9.69805E+01  1.55526E+01  3.76025E+00
  9.72305E+01  9.61832E+00  2.33034E+00
  9.74804E+01  1.07206E+01  4.04812E+00
  9.77304E+01  1.22863E+01  2.38598E+00
  9.79803E+01  6.31801E+00  3.46466E+00
  9.82302E+01  1.54504E+01  3.90022E+00
  9.84802E+01  1.08046E+01  2.52968E+00
  9.87301E+01  1.11892E+01  4.20892E+00
  9.89800E+01  1.54514E+01  3.33151E+00
  9.92300E+01  9.04711E+00  3.32462E+00
  9.94799E+01  1.43218E+01  3.32573E+00
  9.97299E+01  8.55255E+00  2.98711E+00
  9.99798E+01  1.09058E+01  3.64706E+00
  1.00230E+02  1.47953E+01  4.21322E+00
  1.00480E+02  1.67343E+01  4.00860E+00
  1.00730E+02  1.61091E+01  3.49074E+00
  1.00980E+02  1.19142E+01  3.42505E+00
  1.01229E+02  9.50707E+00  3.50659E+00
  1.01479E+02  1.49421E+01  3.75811E+00
  1.01729E+02  1.56015E+01  4.12730E+00
  1.01979E+02  1.50892E+01  3.62919E+00
  1.02229E+02  1.34898E+01  3.76449E+00
  1.02479E+02  1.34706E+01  3.91607E+00
  1.02729E+02  1.46613E+01  3.35599E+00
  1.02979E+02  1.27629E+01  4.24752E+00
  1.03229E+02  1.72250E+01  3.77575E+00
  1.03479E+02  1.28530E+01  3.79818E+00
  1.03729E+02  1.62514E+01  3.83288E+00
  1.03979E+02  1.28474E+01  3.95494E+00
  1.04229E+02  2.05253E+01  4.24659E+00
  1.04479E+02  1.40221E+01  3.45854E+00
  1.04729E+02  1.12444E+01  3.91493E+00
  1.04979E+02  1.52400E+01  3.58404E+00
  1.05228E+02  1.33774E+01  3.75768E+00
  1.05478E+02  1.26687E+01  3.01975E+00
  1.05728E+02  1.05264E+01  3.74605E+00
  1.05978E+02  1.30959E+01  3.45839E+00
  1.06228E+02  1.24360E+01  3.47720E+00
  1.06478E+02  9.63205E+00  2.83455E+00
  1.06728E+02  1.22540E+01  3.96328E+00
  1.06978E+02  1.31831E+01  3.48921E+00
  1.07228E+02  1.13857E+01  3.38051E+00
  1.07478E+02  1.22774E+01  3.01156E+00
  1.07728E+02  9.53514E+00  3.47588E+00
  1.07978E+02  1.57342E+01  4.40471E+00
  1.08228E+02  1.46635E+01  2.82697E+00
  1.08478E+02  9.79552E+00  3.32254E+00
  1.08728E+02  9.75063E+00  3.74478E+00
  1.08978E+02  1.61932E+01  3.87743E+00
  1.09227E+02  1.53357E+01  3.76044E+00
  1.09477E+02  1.24942E+01  3.46721E+00
